0 4526751960.878748
1000 2374316699.658863
2000 1674181594.2215655
3000 1185074952.3217216
4000 835056085.0428234
5000 569265884.1289816
6000 304095702.02442944
7000 38847427.88935546
8000 38409042.49360326
9000 38099797.7387517
10000 37779649.093687855
11000 37459802.6907618
12000 37141968.5551095
13000 36826337.46475022
14000 36512920.14986942
15000 36201707.20609387
16000 35892687.02489848
17000 35585847.73649105
18000 35281177.41829128
19000 34978664.121367194
20000 34678295.87817936
21000 34380060.708248615
22000 34083946.623380356
23000 33789941.63261264
24000 33498033.746908236
25000 33208210.98360006
26000 32920461.370598998
27000 32634772.950371247
28000 32351133.783694103
29000 32069531.953198787
30000 31789955.56670651
31000 31512392.760367803
32000 31236831.701611392
33000 30963260.59191139
34000 30691667.669379003
35000 30422041.211186823
36000 30154369.53583346
37000 29888641.00525424
38000 29624844.02678519
39000 29362967.054986782
40000 29102998.593334716
41000 28844927.195782196
42000 28588741.46820154
43000 28334430.069708858
44000 28081981.713879216
45000 27831385.169856545
46000 27582629.263363596
47000 27335702.87761747
48000 27090594.954154696
49000 26847294.493570805
50000 26605790.556179103
51000 26366072.26259253
52000 26128128.794232506
53000 25891949.393768925
54000 25657523.36549509
55000 25424840.07564066
56000 25193888.95262741
57000 24964659.487268392
58000 24737141.232916344
59000 24511323.80556289
60000 24287196.883892
61000 24064750.2092896
62000 23843973.58581251
63000 23624856.88011974
64000 23407390.021366976
65000 23191563.00106767
66000 22977365.872922976
67000 22764788.752621688
68000 22553821.81761232
69000 22344455.306850508
70000 22136679.52052096
71000 21930484.819738217
72000 21725861.626225837
73000 21522800.42197673
74000 21321291.748895854
75000 21121326.20842537
76000 20922894.461155906
77000 20725987.22642313
78000 20530595.281891305
79000 20336709.463125106
80000 20144320.663151704
81000 19953419.832011662
82000 19763997.976301797
83000 19576046.158710252
84000 19389555.497544244
85000 19204517.166251127
86000 19020922.392934725
87000 18838762.459866002
88000 18658028.70298998
89000 18478712.511429455
90000 18300805.326984227
91000 18124298.64363006
92000 17949184.00701402
93000 17775453.013949353
94000 17603097.31190896
95000 17432108.59851864
96000 17262478.621050056
97000 17094199.175914656
98000 16927262.10815712
99000 16761659.31095083
100000 16597382.725094179
101000 16434424.33850886
102000 16272776.18573974
103000 16112430.34745732
104000 15953378.949962212
105000 15795614.16469255
106000 15639128.207734024
107000 15483913.339333791
108000 15329961.86341657
109000 15177266.12710473
110000 15025818.520242078
111000 14875611.474921167
112000 14726637.465014828
113000 14578889.005711254
114000 14432358.653053746
115000 14287039.003484052
116000 14142922.69339087
117000 14000002.398662016
118000 13858270.83424171
119000 13717720.753692456
120000 13578344.948760532
121000 13440136.248947844
122000 13303087.521087665
123000 13167191.668924777
124000 13032441.632701548
125000 12898830.388747828
126000 12766350.94907708
127000 12634996.360986285
128000 12504759.706661703
129000 12375634.102788828
130000 12247612.70016826
131000 12120688.68333582
132000 11994855.270189015
133000 11870105.711616619
134000 11746433.291134592
135000 11623831.324528115
136000 11502293.15949581
137000 11381812.175301908
138000 11262381.782431714
139000 11143995.422253042
140000 11026646.56668204
141000 10910328.717854474
142000 10795035.407802269
143000 10680760.198134277
144000 10567496.67972277
145000 10455238.472394403
146000 10343979.224626616
147000 10233712.613248406
148000 10124432.343146436
149000 10016132.146976264
150000 9908805.784877421
151000 9802447.04419471
152000 9697049.73920276
153000 9592607.71083713
154000 9489114.82642872
155000 9386564.979443751
156000 9284952.08922774
157000 9184270.100755425
158000 9084512.984383814
159000 8985674.735611107
160000 8887749.374839393
161000 8790730.947142301
162000 8694613.522037374
163000 8599391.193262571
164000 8505058.078557588
165000 8411608.319449194
166000 8319036.081041791
167000 8227335.551811448
168000 8136500.943405184
169000 8046526.490443661
170000 7957406.450329265
171000 7869135.103057817
172000 7781706.751034475
173000 7695115.718894236
174000 7609356.35332663
175000 7524423.022904129
176000 7440310.117915342
177000 7357012.050201947
178000 7274523.252999819
179000 7192838.180784151
180000 7111951.309118756
181000 7031857.134509353
182000 6952550.174260824
183000 6874024.966338386
184000 6796276.069232654
185000 6719298.061828807
186000 6643085.543279453
187000 6567633.132881599
188000 6492935.469956787
189000 6418987.213736154
190000 6345783.043248137
191000 6273317.65721056
192000 6201585.773926367
193000 6130582.131182989
194000 6060301.486155191
195000 5990738.615311863
196000 5921888.314326273
197000 5853745.397989958
198000 5786304.700130206
199000 5719561.073531049
200000 5653509.389857546
201000 5588144.539584007
202000 5523461.431925326
203000 5459454.99477182
204000 5396120.174627587
205000 5333451.93655202
206000 5271445.264105009
207000 5210095.159294977
208000 5149396.642530839
209000 5089344.752576629
210000 5029934.546509767
211000 4971161.099682281
212000 4913019.5056856
213000 4855504.87631791
214000 4798612.341555171
215000 4742337.049524939
216000 4686674.166483565
217000 4631618.876795745
218000 4577166.382918139
219000 4523311.9053847985
220000 4470050.682796553
221000 4417377.971812642
222000 4365289.047145435
223000 4313779.201558121
224000 4262843.74586512
225000 4212478.008935285
226000 4162677.337697605
227000 4113437.097150035
228000 4064752.67037079
229000 4016619.4585322775
230000 3969032.880917608
231000 3921988.374939718
232000 3875481.3961630985
233000 3829507.4183277544
234000 3784061.9333759528
235000 3739140.451481054
236000 3694738.5010788213
237000 3650851.6289011966
238000 3607475.4000122114
239000 3564605.397846106
240000 3522237.2242476847
241000 3480366.499514754
242000 3438988.8624428604
243000 3398099.9703718238
244000 3357695.4992343965
245000 3317771.143606808
246000 3278322.616761428
247000 3239345.6507209027
248000 3200835.9963144273
249000 3162789.423235537
250000 3125201.720101765
251000 3088068.69451576
252000 3051386.1731282277
253000 3015150.001702098
254000 2979356.045178315
255000 2944000.1877431306
256000 2909078.332896561
257000 2874586.4035221734
258000 2840520.3419582513
259000 2806876.1100699003
260000 2773649.6893223743
261000 2740837.080855459
262000 2708434.3055587816
263000 2676437.4041479775
264000 2644842.437241796
265000 2613645.4854398957
266000 2582842.6494014887
267000 2552430.0499243503
268000 2522403.8280245713
269000 2492760.1450168663
270000 2463495.1825951366
271000 2434605.1429134714
272000 2406086.2486674557
273000 2377934.743175561
274000 2350146.8904607603
275000 2322718.975332213
276000 2295647.303466849
277000 2268928.201490927
278000 2242558.017061367
279000 2216533.1189468275
280000 2190849.897108596
281000 2165504.7627808675
282000 2140494.148550689
283000 2115814.508437267
284000 2091462.3179707862
285000 2067434.0742702158
286000 2043726.2961207554
287000 2020335.5240499869
288000 1997258.3204034267
289000 1974491.2694187716
290000 1952030.9772993366
291000 1929874.072286036
292000 1908017.20472837
293000 1886457.0471538554
294000 1865190.2943362447
295000 1844213.6633621785
296000 1823523.8936962658
297000 1803117.7472446403
298000 1782992.0084167374
299000 1763143.4841853776
300000 1743569.0041448646
301000 1724265.420567423
302000 1705229.6084574116
303000 1686458.4656036827
304000 1667948.9126296898
305000 1649697.893041542
306000 1631702.3732737536
307000 1613959.3427327173
308000 1596465.813837806
309000 1579218.8220600858
310000 1562215.4259584942
311000 1545452.707213538
312000 1528927.770658406
313000 1512637.744307419
314000 1496579.7793817823
315000 1480751.0503326412
316000 1465148.7548613315
317000 1449770.113936777
318000 1434612.3718100458
319000 1419672.7960260112
320000 1404948.677431977
321000 1390437.3301834876
322000 1376136.0917468835
323000 1362042.3228990524
324000 1348153.4077238927
325000 1334466.7536058023
326000 1320979.7912199828
327000 1307689.9745196218
328000 1294594.7807198502
329000 1281691.7102786186
330000 1268978.2868741616
331000 1256452.0573795475
332000 1244110.5918337158
333000 1231951.4834094737
334000 1219972.3483781603
335000 1208170.826071104
336000 1196544.5788378823
337000 1185091.292001286
338000 1173808.6738090431
339000 1162694.4553824281
340000 1151746.390661584
341000 1140962.256347659
342000 1130339.8518417012
343000 1119876.999180602
344000 1109571.542969621
345000 1099421.3503120195
346000 1089424.310735498
347000 1079578.3361155526
348000 1069881.3605959057
349000 1060331.3405057718
350000 1050926.2542742833
351000 1041664.1023419985
352000 1032542.9070693793
353000 1023560.7126425481
354000 1014715.5849761872
355000 1006005.6116136767
356000 997428.9016244782
357000 988983.5854988843
358000 980667.8150401699
359000 972479.7632541015
360000 964417.6242359461
361000 956479.6130550654
362000 948663.9656370794
363000 940968.9386435916
364000 933392.8093497525
365000 925933.8755195261
366000 918590.4552786598
367000 911360.8869858291
368000 904243.5291014048
369000 897236.7600544832
370000 890338.9781078055
371000 883548.6012209979
372000 876864.0669117931
373000 870283.8321157139
374000 863806.3730440323
375000 857430.1850401191
376000 851153.7824341992
377000 844975.6983968046
378000 838894.4847906444
379000 832908.7120213327
380000 827016.9688866561
381000 821217.862424854
382000 815510.0177615847
383000 809892.0779560142
384000 804362.7038456952
385000 798920.5738907905
386000 793564.3840171566
387000 788292.8474588714
388000 783104.6945998993
389000 777998.6728151047
390000 772973.5463107586
391000 768028.0959643639
392000 763161.1191641546
393000 758371.4296480934
394000 753657.8573425629
395000 749019.2482007563
396000 744454.4640408262
397000 739962.3823839133
398000 735541.8962920326
399000 731191.9142058758
400000 726911.3597826855
401000 722699.171734118
402000 718554.3036642843
403000 714475.7239078946
404000 710462.4153686793
405000 706513.3753579629
406000 702627.6154337319
407000 698804.1612398936
408000 695042.0523460433
409000 691340.3420876387
410000 687698.0974067242
411000 684114.3986931437
412000 680588.339626356
413000 677119.0270179153
414000 673705.5806545446
415000 670347.1331419746
416000 667042.8297494871
417000 663791.8282552337
418000 660593.2987923832
419000 657446.4236960844
420000 654350.3973513471
421000 651304.4260417694
422000 648307.7277992384
423000 645359.5322545684
424000 642459.0804891752
425000 639605.6248876894
426000 636798.4289916791
427000 634036.767354355
428000 631319.9253964496
429000 628647.1992631621
430000 626017.8956822037
431000 623431.3318229854
432000 620886.8351570425
433000 618383.7433195139
434000 615921.4039719221
435000 613499.1746661104
436000 611116.4227094025
437000 608772.5250309777
438000 606466.8680495535
439000 604198.8475422347
440000 601967.8685147184
441000 599773.345072655
442000 597614.7002944294
443000 595491.3661051197
444000 593402.7831517715
445000 591348.4006800348
446000 589327.676411991
447000 587340.0764253796
448000 585385.0750341134
449000 583462.1546700528
450000 581570.805766164
451000 579710.5266409193
452000 577880.8233841036
453000 576081.2097438009
454000 574311.2070148302
455000 572570.343928393
456000 570858.1565430785
457000 569174.1881371224
458000 567517.9891020593
459000 565889.1168375341
460000 564287.135647533
461000 562711.6166378498
462000 561162.1376147929
463000 559638.2829852438
464000 558139.6436579397
465000 556665.8169460195
466000 555216.4064708396
467000 553791.0220670466
468000 552389.2796888459
469000 551010.8013175557
470000 549655.2148703707
471000 548322.154110298
472000 547011.2585573873
473000 545722.173401057
474000 544454.5494136957
475000 543208.0428653915
476000 541982.3154398499
477000 540777.0341514712
478000 539591.8712635618
479000 538426.5042077056
480000 537280.6155042469
481000 536153.8926839202
482000 535046.0282105244
483000 533956.7194047647
484000 532885.668369142
485000 531832.5819139255
486000 530797.1714841779
487000 529779.1530878656
488000 528778.2472249487
489000 527794.178817571
490000 526826.677141205
491000 525875.4757568757
492000 524940.3124443011
493000 524020.9291360494
494000 523117.07185270474
495000 522228.4906389307
496000 521354.93950054096
497000 520496.1763424495
498000 519651.9629075986
499000 518822.0647167959
500000 518006.2510094021
501000 517204.2946849898
502000 516415.97224581713
503000 515641.063740226
504000 514879.3527068343
505000 514130.62611965014
506000 513394.6743339615
507000 512671.2910330942
508000 511960.27317593805
509000 511261.4209453278
510000 510574.53769718634
511000 509899.42991043883
512000 509235.9071377446
513000 508583.78195693216
514000 507942.86992321874
515000 507312.9895221795
516000 506693.9621234033
517000 506085.61193490506
518000 505487.76595823304
519000 504900.25394427095
520000 504322.9083497326
521000 503755.5642943532
522000 503198.05951870175
523000 502650.2343427122
524000 502111.93162481
525000 501582.99672172667
526000 501063.27744890127
527000 500552.6240415329
528000 500050.8891162428
529000 499557.92763332
530000 499073.5968595805
531000 498597.75633180054
532000 498130.2678207279
533000 497670.9952956858
534000 497219.8048896844
535000 496776.5648651263
536000 496341.145580047
537000 495913.41945485625
538000 495493.26093966904
539000 495080.5464820831
540000 494675.15449552215
541000 494276.96532805637
542000 493885.8612317082
543000 493501.726332268
544000 493124.4465995767
545000 492753.9098182777
546000 492390.00555904285
547000 492032.6251502362
548000 491681.6616500604
549000 491337.009819111
550000 490998.5660933935
551000 490666.2285577551
552000 490339.89691974106
553000 490019.47248386993
554000 489704.8581263176
555000 489395.95827000926
556000 489092.678860093
557000 488794.9273398236
558000 488502.61262680974
559000 488215.6450896579
560000 487933.93652498035
561000 487657.4001347564
562000 487385.95050408907
563000 487119.5035792759
564000 486857.9766462528
565000 486601.2883093804
566000 486349.35847055796
567000 486102.10830867395
568000 485859.4602593952
569000 485621.3379952588
570000 485387.66640609567
571000 485158.3715797594
572000 484933.38078316516
573000 484712.6224436263
574000 484496.02613049606
575000 484283.5225370908
576000 484075.04346291116
577000 483870.5217961377
578000 483669.8914964143
579000 483473.08757789776
580000 483280.0460925821
581000 483090.7041138835
582000 482904.99972048815
583000 482722.87198046135
584000 482544.2609356028
585000 482369.10758606356
586000 482197.3538751815
587000 482028.9426745851
588000 481863.81776952394
589000 481701.92384442745
590000 481543.2064686981
591000 481387.61208273325
592000 481235.08798416017
593000 481085.58231430105
594000 480939.04404483415
595000 480795.4229646957
596000 480654.66966716
597000 480516.73553714936
598000 480381.5727387235
599000 480249.1342027852
600000 480119.37361496856
601000 479992.24540372373
602000 479867.70472859876
603000 479745.7074686911
604000 479626.2102112923
605000 479509.1702407145
606000 479394.545527286
607000 479282.2947165295
608000 479172.37711850216
609000 479064.75269731495
610000 478959.382060809
611000 478856.22645039775
612000 478755.2477310776
613000 478656.40838158334
614000 478559.67148471024
615000 478465.00071777916
616000 478372.36034326477
617000 478281.71519956074
618000 478193.0306918958
619000 478106.27278339013
620000 478021.407986263
621000 477938.40335316316
622000 477857.22646864917
623000 477777.84544079786
624000 477700.22889294854
625000 477624.3459555752
626000 477550.16625828564
627000 477477.6599219502
628000 477406.7975509551
629000 477337.55022556987
630000 477269.88949444785
631000 477203.78736723436
632000 477139.2163072935
633000 477076.1492245567
634000 477014.55946846755
635000 476954.42082106177
636000 476895.7074901305
637000 476838.39410251233
638000 476782.4556974741
639000 476727.86772020796
640000 476674.6060154254
641000 476622.6468210547
642000 476571.96676203073
643000 476522.5428441915
644000 476474.3524482645
645000 476427.3733239509
646000 476381.5835840973
647000 476336.96169896954
648000 476293.4864906041
649000 476251.1371272542
650000 476209.8931179239
651000 476169.73430699174
652000 476130.6408689062
653000 476092.59330297634
654000 476055.57242823724
655000 476019.55937840353
656000 475984.5355968886
657000 475950.4828319242
658000 475917.3831317255
659000 475885.21883976465
660000 475853.9725900956
661000 475823.6273027609
662000 475794.1661792689
663000 475765.5726981449
664000 475737.83061054454
665000 475710.92393594526
666000 475684.83695789916
667000 475659.5542198518
668000 475635.0605210336
669000 475611.3409124046
670000 475588.38069267187
671000 475566.16540436685
672000 475544.6808299818
673000 475523.9129881679
674000 475503.8481299944
675000 475484.4727352633
676000 475465.77350888663
677000 475447.7373773141
678000 475430.35148502234
679000 475413.6031910529
680000 475397.4800656106
681000 475381.9698867129
682000 475367.0606368925
683000 475352.740499945
684000 475338.997857738
685000 475325.82128706033
686000 475313.1995565316
687000 475301.12162354524
688000 475289.57663127437
689000 475278.55390571326
690000 475268.0429527709
691000 475258.0334554106
692000 475248.51527082914
693000 475239.47842768196
694000 475230.91312336054
695000 475222.8097212949
696000 475215.1587483127
697000 475207.95089203847
698000 475201.176998322
699000 475194.8280687192
700000 475188.89525801135
701000 475183.3698717527
702000 475178.243363867
703000 475173.5073342806
704000 475169.1535265856
705000 475165.17382574605
706000 475161.5602558359
707000 475158.3049778199
708000 475155.4002873524
709000 475152.838612635
710000 475150.61251228483
711000 475148.7146732525
712000 475147.13790875534
713000 475145.8751562674
714000 475144.91947551357
715000 475144.2640465179
716000 475143.90216766694
717000 475143.82725381345
718000 475144.03283440234
719000 475144.5125516314
720000 475145.260158634
721000 475146.2695177043
722000 475147.534598528
723000 475149.0494764624
724000 475150.8083308337
725000 475152.805443257
726000 475155.03519599093
727000 475157.49207031203
728000 475160.1706449193
729000 475163.06559435744
730000 475166.17168747104
731000 475169.4837858829
732000 475172.9968424864
733000 475176.70589997695
734000 475180.6060893899
735000 475184.6926286794
736000 475188.96082130005
737000 475193.4060548267
738000 475198.0237995874
739000 475202.80960731814
740000 475207.75910984795
741000 475212.868017786
742000 475218.132119252
743000 475223.5472786022
744000 475229.1094352011
745000 475234.8146021895
746000 475240.6588652906
747000 475246.6383816118
748000 475252.7493784994
749000 475258.9881523723
750000 475265.35106760624
751000 475271.8345554148
752000 475278.4351127565
753000 475285.14930126444
754000 475291.9737461783
755000 475298.9051353014
756000 475305.9402179839
757000 475313.0758040978
758000 475320.308763055
759000 475327.636022818
760000 475335.0545689416
761000 475342.56144362275
762000 475350.1537447691
763000 475357.828625075
764000 475365.5832911218
765000 475373.4150024831
766000 475381.3210708556
767000 475389.2988591837
768000 475397.3457808248
769000 475405.4592987066
770000 475413.6369245034
771000 475421.8762178281
772000 475430.1747854398
773000 475438.5302804505
774000 475446.9404015627
775000 475455.4028923039
776000 475463.9155402818
777000 475472.4761764472
778000 475481.08267436735
779000 475489.7329495184
780000 475498.42495858244
781000 475507.1566987518
782000 475515.9262070576
783000 475524.73155969405
784000 475533.57087136497
785000 475542.44229463505
786000 475551.3440192881
787000 475560.2742717052
788000 475569.2313142466
789000 475578.213444639
790000 475587.21899538295
791000 475596.2463331615
792000 475605.2938582618
793000 475614.3600040061
794000 475623.4432361852
795000 475632.5420525169
796000 475641.6549820899
797000 475650.78058484226
798000 475659.91745102115
799000 475669.0642006783
800000 475678.2194831507
801000 475687.38197656727
802000 475696.5503873424
803000 475705.72344970785
804000 475714.8999252216
805000 475724.07860230346
806000 475733.25829576625
807000 475742.43784636975
808000 475751.6161203666
809000 475760.7920090576
810000 475769.9644283695
811000 475779.1323184149
812000 475788.2946430817
813000 475797.4503896156
814000 475806.5985682114
815000 475815.7382116166
816000 475824.8683747363
817000 475833.98813424667
818000 475843.0965882073
819000 475852.1928556945
820000 475861.27607642964
821000 475870.34541040997
822000 475879.4000375591
823000 475888.4391573717
824000 475897.46198856714
825000 475906.4677687487
826000 475915.4557540721
827000 475924.42521890986
828000 475933.3754555349
829000 475942.3057737915
830000 475951.2155007925
831000 475960.1039806004
832000 475968.9705739318
833000 475977.81465785095
834000 475986.6356254835
835000 475995.432885721
836000 476004.2058629388
837000 476012.9539967144
838000 476021.6767415546
839000 476030.3735666244
840000 476039.04395547824
841000 476047.6874057963
842000 476056.3034291314
843000 476064.8915506518
844000 476073.4513088938
845000 476081.98225551436
846000 476090.4839550465
847000 476098.9559846703
848000 476107.3979339695
849000 476115.8094047101
850000 476124.190010606
851000 476132.53937710373
852000 476140.85714115674
853000 476149.1429510199
854000 476157.39646602585
855000 476165.61735638825
856000 476173.8053029843
857000 476181.95999716636
858000 476190.08114055597
859000 476198.16844484914
860000 476206.22163163073
861000 476214.2404321773
862000 476222.22458728007
863000 476230.1738470536
864000 476238.0879707664
865000 476245.9667266585
866000 476253.8098917674
867000 476261.6172517595
868000 476269.3886007675
869000 476277.1237412134
870000 476284.82248365757
871000 476292.4846466328
872000 476300.1100564903
873000 476307.69854724547
874000 476315.2499604272
875000 476322.7641449235
876000 476330.2409568417
877000 476337.68025936076
878000 476345.0819225874
879000 476352.4458234248
880000 476359.77184542356
881000 476367.0598786587
882000 476374.30981959216
883000 476381.5215709387
884000 476388.6950415453
885000 476395.83014626184
886000 476402.9268058147
887000 476409.9849466915
888000 476417.0045010125
889000 476423.98540642613
890000 476430.92760597705
891000 476437.8310480078
892000 476444.69568604074
893000 476451.52147866087
894000 476458.30838942516
895000 476465.0563867383
896000 476471.76544376207
897000 476478.4355383046
898000 476485.0666527271
899000 476491.65877383365
900000 476498.2118927877
901000 476504.7260050076
902000 476511.2011100719
903000 476517.63721163303
904000 476524.0343173242
905000 476530.3924386672
906000 476536.7115909875
907000 476542.99179332895
908000 476549.23306836805
909000 476555.43544233014
910000 476561.59894490923
911000 476567.7236091864
912000 476573.8094715528
913000 476579.856571631
914000 476585.86495219613
915000 476591.83465910784
916000 476597.7657412325
917000 476603.6582503659
918000 476609.5122411756
919000 476615.3277711217
920000 476621.10490038816
921000 476626.8436918201
922000 476632.5442108519
923000 476638.2065254523
924000 476643.83070605126
925000 476649.4168254791
926000 476654.96495891036
927000 476660.4751837989
928000 476665.94757981645
929000 476671.3822288042
930000 476676.77921470185
931000 476682.13862350443
932000 476687.4605432023
933000 476692.7450637216
934000 476697.9922768788
935000 476703.20227632794
936000 476708.37515750277
937000 476713.51101757505
938000 476718.60995540104
939000 476723.67207147204
940000 476728.6974678692
941000 476733.68624821573
942000 476738.6385176295
943000 476743.55438268604
944000 476748.43395136
945000 476753.2773329954
946000 476758.0846382586
947000 476762.85597909254
948000 476767.59146868205
949000 476772.29122140975
950000 476776.9553528178
951000 476781.5839795692
952000 476786.17721941194
953000 476790.7351911381
954000 476795.2580145491
955000 476799.7458104212
956000 476804.19870046614
957000 476808.6168073054
958000 476813.00025442365
959000 476817.3491661512
960000 476821.66366761515
961000 476825.9438847178
962000 476830.18994410575
963000 476834.40197313373
964000 476838.58009983937
965000 476842.7244529071
966000 476846.8351616519
967000 476850.9123559761
968000 476854.9561663506
969000 476858.96672378655
970000 476862.9441598081
971000 476866.88860642636
972000 476870.8001961097
973000 476874.67906176526
974000 476878.52533671266
975000 476882.33915465703
976000 476886.1206496682
977000 476889.869956153
978000 476893.58720884006
979000 476897.27254275413
980000 476900.9260931898
981000 476904.5479956981
982000 476908.13838606025
983000 476911.6974002678
984000 476915.2251745058
985000 476918.7218451326
986000 476922.1875486551
987000 476925.6224217179
988000 476929.0266010784
989000 476932.4002235928
990000 476935.7434261995
991000 476939.0563458984
992000 476942.3391197312
993000 476945.5918847765
994000 476948.8147781232
995000 476952.0079368571
996000 476955.1714980465
997000 476958.30559872964
998000 476961.41037589277
999000 476964.48596646864
1000000 476967.5325073051
1001000 476970.55013516516
1002000 476973.53898670914
1003000 476976.4991984772
1004000 476979.4309068841
1005000 476982.3342482032
1006000 476985.2093585521
1007000 476988.05637388385
1008000 476990.87542997487
1009000 476993.66666241107
1010000 476996.43020657793
1011000 476999.16619765287
1012000 477001.874770588
1013000 477004.55606010905
1014000 477007.21020069503
1015000 477009.837326574
1016000 477012.4375717159
1017000 477015.0110698152
1018000 477017.5579542898
1019000 477020.07835826784
1020000 477022.57241457957
1021000 477025.0402557488
1022000 477027.4820139906
1023000 477029.8978211893
1024000 477032.2878089031
1025000 477034.6521083557
1026000 477036.99085042294
1027000 477039.30416562385
1028000 477041.59218412783
1029000 477043.8550357327
1030000 477046.0928498639
1031000 477048.30575556675
1032000 477050.4938815052
1033000 477052.6573559495
1034000 477054.79630677047
1035000 477056.9108614389
1036000 477059.0011470162
1037000 477061.06729014794
1038000 477063.10941706377
1039000 477065.1276535642
1040000 477067.12212502677
1041000 477069.09295639035
1042000 477071.0402721556
1043000 477072.96419638256
1044000 477074.86485268106
1045000 477076.74236420967
1046000 477078.59685367474
1047000 477080.4284433193
1048000 477082.23725492373
1049000 477084.02340980154
1050000 477085.78702879656
1051000 477087.5282322786
1052000 477089.2471401409
1053000 477090.94387179497
1054000 477092.6185461691
1055000 477094.27128170774
1056000 477095.90219636384
1057000 477097.51140759885
1058000 477099.09903238155
1059000 477100.6651871857
1060000 477102.2099879815
1061000 477103.7335502414
1062000 477105.2359889323
1063000 477106.71741851827
1064000 477108.17795295577
1065000 477109.6177056878
1066000 477111.036789654
1067000 477112.4353172751
1068000 477113.81340045907
1069000 477115.17115060217
1070000 477116.5086785785
1071000 477117.82609474537
1072000 477119.1235089412
1073000 477120.40103048726
1074000 477121.65876817715
1075000 477122.8968302858
1076000 477124.1153245617
1077000 477125.3143582317
1078000 477126.4940379965
1079000 477127.65447002964
1080000 477128.7957599813
1081000 477129.91801297164
1082000 477131.02133359364
1083000 477132.1058259136
1084000 477133.1715934697
1085000 477134.2187392728
1086000 477135.2473658022
1087000 477136.25757500855
1088000 477137.2494683163
1089000 477138.22314661957
1090000 477139.1787102805
1091000 477140.1162591371
1092000 477141.0358924951
1093000 477141.9377091342
1094000 477142.8218073032
1095000 477143.68828472606
1096000 477144.5372385944
1097000 477145.3687655777
1098000 477146.1829618138
1099000 477146.9799229185
1100000 477147.7597439752
1101000 477148.52251954976
1102000 477149.26834367635
1103000 477149.9973098701
1104000 477150.70951111894
1105000 477151.4050398898
1106000 477152.0839881278
1107000 477152.7464472558
1108000 477153.39250817854
1109000 477154.02226127964
1110000 477154.635796421
1111000 477155.23320295516
1112000 477155.8145697089
1113000 477156.37998499797
1114000 477156.92953662394
1115000 477157.46331187367
1116000 477157.9813975222
1117000 477158.4838798337
1118000 477158.9708445604
1119000 477159.44237694767
1120000 477159.89856173156
1121000 477160.3394831406
1122000 477160.7652249026
1123000 477161.17587023764
1124000 477161.5715018651
1125000 477161.9522020018
1126000 477162.31805236556
1127000 477162.669134174
1128000 477163.00552814984
1129000 477163.3273145194
1130000 477163.6345730188
1131000 477163.9273828804
1132000 477164.20582285733
1133000 477164.4699712068
1134000 477164.71990570094
1135000 477164.9557036207
1136000 477165.17744176585
1137000 477165.38519645133
1138000 477165.57904350985
1139000 477165.7590582942
1140000 477165.9253156792
1141000 477166.0778900604
1142000 477166.2168553627
1143000 477166.3422850305
1144000 477166.4542520423
1145000 477166.5528289008
1146000 477166.6380876456
1147000 477166.71009984444
1148000 477166.76893660176
1149000 477166.8146685592
1150000 477166.84736589703
1151000 477166.8670983328
1152000 477166.8739351273
1153000 477166.86794508656
1154000 477166.84919655917
1155000 477166.8177574407
1156000 477166.773695179
1157000 477166.7170767678
1158000 477166.64796875895
1159000 477166.5664372524
1160000 477166.4725479084
1161000 477166.36636594316
1162000 477166.2479561358
1163000 477166.11738282203
1164000 477165.9747099033
1165000 477165.82000084815
1166000 477165.65331868787
1167000 477165.4747260299
1168000 477165.28428504505
1169000 477165.0820574808
1170000 477164.8681046567
1171000 477164.6424874713
1172000 477164.4052663998
1173000 477164.1565014986
1174000 477163.8962524077
1175000 477163.62457834557
1176000 477163.34153811994
1177000 477163.04719012725
1178000 477162.7415923519
1179000 477162.42480237066
1180000 477162.0968773536
1181000 477161.75787406333
1182000 477161.4078488631
1183000 477161.0468577128
1184000 477160.67495617224
1185000 477160.29219940735
1186000 477159.8986421865
1187000 477159.49433888425
1188000 477159.07934348483
1189000 477158.65370957984
1190000 477158.21749037685
1191000 477157.7707386943
1192000 477157.3135069663
1193000 477156.8458472473
1194000 477156.3678112098
1195000 477155.8794501484
1196000 477155.3808149781
1197000 477154.8719562407
1198000 477154.352924106
1199000 477153.82376837154
1200000 477153.28453846736
1201000 477152.73528345337
1202000 477152.1760520226
1203000 477151.6068925111
1204000 477151.02785288496
1205000 477150.4389807525
1206000 477149.84032336774
1207000 477149.2319276232
1208000 477148.6138400592
1209000 477147.9861068621
1210000 477147.3487738673
1211000 477146.70188656054
1212000 477146.0454900807
1213000 477145.379629221
1214000 477144.7043484315
1215000 477144.0196918188
1216000 477143.3257031501
1217000 477142.6224258514
1218000 477141.90990301553
1219000 477141.1881773989
1220000 477140.45729142474
1221000 477139.7172871825
1222000 477138.9682064366
1223000 477138.2100906184
1224000 477137.44298083446
1225000 477136.6669178703
1226000 477135.8819421833
1227000 477135.08809391264
1228000 477134.28541287786
1229000 477133.47393857973
1230000 477132.65371020115
1231000 477131.82476661605
1232000 477130.9871463835
1233000 477130.1408877494
1234000 477129.2860286531
1235000 477128.4226067228
1236000 477127.5506592829
1237000 477126.6702233557
1238000 477125.78133565513
1239000 477124.8840326008
1240000 477123.97835030896
1241000 477123.0643245967
1242000 477122.14199098817
1243000 477121.2113847112
1244000 477120.27254070423
1245000 477119.325493606
1246000 477118.37027777545
1247000 477117.40692727617
1248000 477116.43547588744
1249000 477115.45595710404
1250000 477114.46840413916
1251000 477113.47284991964
1252000 477112.46932709625
1253000 477111.45786803693
1254000 477110.43850483414
1255000 477109.4112693057
1256000 477108.3761929927
1257000 477107.3333071698
1258000 477106.2826428306
1259000 477105.22423070745
1260000 477104.1581012591
1261000 477103.08428468055
1262000 477102.0028109011
1263000 477100.91370958486
1264000 477099.8170101356
1265000 477098.71274169354
1266000 477097.60093314335
1267000 477096.4816131067
1268000 477095.35480995517
1269000 477094.2205517968
1270000 477093.0788664938
1271000 477091.9297816528
1272000 477090.77332462743
1273000 477089.60952252656
1274000 477088.43840220635
1275000 477087.25999028067
1276000 477086.0743131143
1277000 477084.8813968293
1278000 477083.681267303
1279000 477082.47395017726
1280000 477081.2594708493
1281000 477080.0378544778
1282000 477078.8091259868
1283000 477077.5733100609
1284000 477076.3304311525
1285000 477075.08051348163
1286000 477073.8235810302
1287000 477072.5596575593
1288000 477071.2887665925
1289000 477070.0109314282
1290000 477068.7261751351
1291000 477067.4345205615
1292000 477066.13599032775
1293000 477064.83060683135
1294000 477063.5183922476
1295000 477062.199368533
1296000 477060.8735574218
1297000 477059.54098043346
1298000 477058.2016588653
1299000 477056.85561380495
1300000 477055.5028661208
1301000 477054.14343647065
1302000 477052.77734529617
1303000 477051.4046128327
1304000 477050.02525910153
1305000 477048.639303918
1306000 477047.24676689
1307000 477045.8476674155
1308000 477044.4420246907
1309000 477043.02985770634
1310000 477041.6111852507
1311000 477040.18602590705
1312000 477038.7543980629
1313000 477037.31631990004
1314000 477035.871809408
1315000 477034.420884373
1316000 477032.96356238617
1317000 477031.49986084853
1318000 477030.0297969579
1319000 477028.55338772555
1320000 477027.07064996794
1321000 477025.58160030807
1322000 477024.0862551877
1323000 477022.5846308466
1324000 477021.0767433442
1325000 477019.56260855263
1326000 477018.04224215663
1327000 477016.51565965416
1328000 477014.9828763634
1329000 477013.4439074141
1330000 477011.8987677579
1331000 477010.3474721645
1332000 477008.790035221
1333000 477007.22647133976
1334000 477005.65679474897
1335000 477004.08101950557
1336000 477002.4991594873
1337000 477000.91122839384
1338000 476999.31723975745
1339000 476997.71720692713
1340000 476996.1111430861
1341000 476994.49906124396
1342000 476992.8809742413
1343000 476991.2568947453
1344000 476989.62683525635
1345000 476987.99080810556
1346000 476986.34882545745
1347000 476984.700899308
1348000 476983.04704149085
1349000 476981.3872636732
1350000 476979.7215773604
1351000 476978.0499938906
1352000 476976.3725244421
1353000 476974.6891800333
1354000 476972.9999715176
1355000 476971.30490959564
1356000 476969.6040048025
1357000 476967.8972675177
1358000 476966.1847079658
1359000 476964.46633621055
1360000 476962.7421621638
1361000 476961.0121955765
1362000 476959.2764460527
1363000 476957.534923038
1364000 476955.78763583075
1365000 476954.0345935715
1366000 476952.27580525156
1367000 476950.51127971354
1368000 476948.74102564814
1369000 476946.9650516013
1370000 476945.18336596404
1371000 476943.3959769864
1372000 476941.6028927671
1373000 476939.80412126076
1374000 476937.9996702766
1375000 476936.18954747956
1376000 476934.37376039295
1377000 476932.55231639126
1378000 476930.72522271064
1379000 476928.8924864426
1380000 476927.05411453964
1381000 476925.2101138132
1382000 476923.36049093225
1383000 476921.5052524323
1384000 476919.64440470556
1385000 476917.77795400866
1386000 476915.90590645967
1387000 476914.02826803713
1388000 476912.14504458883
1389000 476910.2562418268
1390000 476908.3618653205
1391000 476906.461920517
1392000 476904.5564127215
1393000 476902.64534710936
1394000 476900.72872872336
1395000 476898.80656246934
1396000 476896.8788531303
1397000 476894.94560535194
1398000 476893.0068236568
1399000 476891.06251242995
1400000 476889.11267593247
1401000 476887.15731829527
1402000 476885.1964435218
1403000 476883.2300554896
1404000 476881.258157947
1405000 476879.2807545169
1406000 476877.2978486974
1407000 476875.3094438629
1408000 476873.3155432565
1409000 476871.31615000626
1410000 476869.3112671109
1411000 476867.30089744757
1412000 476865.2850437698
1413000 476863.26370870875
1414000 476861.2368947778
1415000 476859.20460436516
1416000 476857.16683973913
1417000 476855.12360304943
1418000 476853.0748963226
1419000 476851.02072146937
1420000 476848.9610802821
1421000 476846.8959744319
1422000 476844.8254054752
1423000 476842.74937484553
1424000 476840.6678838674
1425000 476838.58093374217
1426000 476836.4885255593
1427000 476834.3906602887
1428000 476832.2873387899
1429000 476830.1785618009
1430000 476828.0643299512
1431000 476825.94464375585
1432000 476823.8195036117
1433000 476821.6889098071
1434000 476819.55286251655
1435000 476817.4113618004
1436000 476815.26440760796
1437000 476813.1119997782
1438000 476810.9541380354
1439000 476808.79082199966
1440000 476806.62205117143
1441000 476804.4478249467
1442000 476802.2681426131
1443000 476800.0830033446
1444000 476797.89240620856
1445000 476795.69635016256
1446000 476793.49483405834
1447000 476791.28785663366
1448000 476789.07541652396
1449000 476786.8575122548
1450000 476784.63414224854
1451000 476782.40530481574
1452000 476780.1709981625
1453000 476777.93122039037
1454000 476775.6859694916
1455000 476773.435243358
1456000 476771.17903977114
1457000 476768.91735640913
1458000 476766.6501908491
1459000 476764.37754055735
1460000 476762.0994029029
1461000 476759.81577514677
1462000 476757.5266544493
1463000 476755.23203786317
1464000 476752.93192234373
1465000 476750.62630473764
1466000 476748.3151817946
1467000 476745.99855016224
1468000 476743.6764063816
1469000 476741.3487468925
1470000 476739.01556803915
1471000 476736.67686605826
1472000 476734.33263709134
1473000 476731.98287717404
1474000 476729.6275822437
1475000 476727.266748136
1476000 476724.9003705908
1477000 476722.5284452433
1478000 476720.1509676333
1479000 476717.7679331976
1480000 476715.37933727587
1481000 476712.98517510673
1482000 476710.5854418352
1483000 476708.18013250065
1484000 476705.76924204774
1485000 476703.35276532517
1486000 476700.93069707975
1487000 476698.503031963
1488000 476696.06976452563
1489000 476693.63088922447
1490000 476691.1864004168
1491000 476688.73629236314
1492000 476686.28055922856
1493000 476683.8191950788
1494000 476681.3521938844
1495000 476678.87954951957
1496000 476676.40125576075
1497000 476673.9173062891
1498000 476671.4276946906
1499000 476668.93241445377
1500000 476666.4314589721
1501000 476663.9248215419
1502000 476661.4124953664
1503000 476658.89447355067
1504000 476656.3707491064
1505000 476653.8413149487
1506000 476651.3061638959
1507000 476648.76528867846
1508000 476646.21868192364
1509000 476643.6663361686
1510000 476641.1082438543
1511000 476638.5443973249
1512000 476635.9747888334
1513000 476633.3994105394
1514000 476630.8182545038
1515000 476628.2313126944
1516000 476625.6385769854
1517000 476623.0400391573
1518000 476620.4356908973
1519000 476617.8255237969
1520000 476615.2095293529
1521000 476612.58769896894
1522000 476609.9600239574
1523000 476607.3264955324
1524000 476604.68710481666
1525000 476602.04184284067
1526000 476599.39070053806
1527000 476596.7336687505
1528000 476594.07073822373
1529000 476591.4018996145
1530000 476588.7271434821
1531000 476586.0464602931
1532000 476583.35984042124
1533000 476580.66727414576
1534000 476577.9687516535
1535000 476575.2642630371
1536000 476572.5537982943
1537000 476569.8373473359
1538000 476567.11489996605
1539000 476564.3864459076
1540000 476561.65197478567
1541000 476558.91147613147
1542000 476556.16493938136
1543000 476553.41235388076
1544000 476550.65370888234
1545000 476547.8889935406
1546000 476545.11819691956
1547000 476542.34130798804
1548000 476539.5583156243
1549000 476536.7692086075
1550000 476533.9739756271
1551000 476531.1726052795
1552000 476528.3650860617
1553000 476525.5514063825
1554000 476522.73155455414
1555000 476519.90551879356
1556000 476517.0732872262
1557000 476514.2348478816
1558000 476511.390188697
1559000 476508.53929750994
1560000 476505.68216207076
1561000 476502.8187700293
1562000 476499.9491089423
1563000 476497.07316627604
1564000 476494.19092939695
1565000 476491.30238557816
1566000 476488.4075219993
1567000 476485.5063257408
1568000 476482.5987837917
1569000 476479.6848830457
1570000 476476.76461029815
1571000 476473.8379522505
1572000 476470.9048955093
1573000 476467.96542658494
1574000 476465.0195318928
1575000 476462.0671977484
1576000 476459.10841037345
1577000 476456.1431558987
1578000 476453.17142034887
1579000 476450.193189658
1580000 476447.20844966086
1581000 476444.21718609805
1582000 476441.21938461205
1583000 476438.21503074374
1584000 476435.20410994516
1585000 476432.1866075641
1586000 476429.16250885255
1587000 476426.1317989646
1588000 476423.0944629579
1589000 476420.0504857902
1590000 476416.99985231913
1591000 476413.94254730747
1592000 476410.8785554196
1593000 476407.8078612156
1594000 476404.73044916306
1595000 476401.6463036234
1596000 476398.5554088644
1597000 476395.45774904976
1598000 476392.3533082472
1599000 476389.24207041843
1600000 476386.12401943357
1601000 476382.99913905514
1602000 476379.86741294456
1603000 476376.72882466676
1604000 476373.5833576813
1605000 476370.4309953495
1606000 476367.2717209285
1607000 476364.10551757255
1608000 476360.93236833933
1609000 476357.75225617655
1610000 476354.5651639348
1611000 476351.371074357
1612000 476348.1699700869
1613000 476344.961833663
1614000 476341.7466475202
1615000 476338.52439398743
1616000 476335.295055293
1617000 476332.058613558
1618000 476328.8150507995
1619000 476325.56434892834
1620000 476322.3064897522
1621000 476319.04145496973
1622000 476315.7692261761
1623000 476312.48978485854
1624000 476309.2031124002
1625000 476305.90919006936
1626000 476302.6079990426
1627000 476299.29952037096
1628000 476295.98373501137
1629000 476292.6606238036
1630000 476289.3301674832
1631000 476285.99234667566
1632000 476282.64714189735
1633000 476279.29453355446
1634000 476275.93450194545
1635000 476272.5670272563
1636000 476269.1920895618
1637000 476265.80966882873
1638000 476262.4197449083
1639000 476259.02229754487
1640000 476255.61730636633
1641000 476252.2047508913
1642000 476248.7846105234
1643000 476245.35686455533
1644000 476241.9214921625
1645000 476238.4784724119
1646000 476235.027784252
1647000 476231.56940651615
1648000 476228.1033179238
1649000 476224.6294970806
1650000 476221.1479224732
1651000 476217.658572476
1652000 476214.16142533877
1653000 476210.65645920404
1654000 476207.14365208684
1655000 476203.6229818939
1656000 476200.09442640585
1657000 476196.5579632884
1658000 476193.0135700864
1659000 476189.46122422424
1660000 476185.9009030079
1661000 476182.3325836203
1662000 476178.7562431261
1663000 476175.1718584661
1664000 476171.5794064579
1665000 476167.97886380315
1666000 476164.3702070683
1667000 476160.7534127069
1668000 476157.1284570454
1669000 476153.4953162829
1670000 476149.8539664975
1671000 476146.20438364026
1672000 476142.54654353455
1673000 476138.8804218809
1674000 476135.2059942481
1675000 476131.52323608025
1676000 476127.83212269214
1677000 476124.13262927294
1678000 476120.4247308788
1679000 476116.7084024372
1680000 476112.9836187458
1681000 476109.2503544719
1682000 476105.5085841518
1683000 476101.75828218844
1684000 476097.9994228513
1685000 476094.23198028083
1686000 476090.4559284814
1687000 476086.6712413212
1688000 476082.8778925404
1689000 476079.07585573156
1690000 476075.2651043649
1691000 476071.4456117641
1692000 476067.61735112144
1693000 476063.78029548953
1694000 476059.93441778235
1695000 476056.0796907753
1696000 476052.21608710435
1697000 476048.34357926407
1698000 476044.46213960886
1699000 476040.5717403509
1700000 476036.6723535628
1701000 476032.763951172
1702000 476028.84650496196
1703000 476024.919986573
1704000 476020.9843675009
1705000 476017.03961909516
1706000 476013.08571256
1707000 476009.1226189515
1708000 476005.15030917944
1709000 476001.1687540053
1710000 475997.17792404053
1711000 475993.17778974696
1712000 475989.16832143744
1713000 475985.1494892718
1714000 475981.1212632599
1715000 475977.08361325925
1716000 475973.03650897054
1717000 475968.9799199459
1718000 475964.9138155772
1719000 475960.8381651043
1720000 475956.7529376096
1721000 475952.6581020187
1722000 475948.55362709815
1723000 475944.4394814566
1724000 475940.3156335462
1725000 475936.1820516527
1726000 475932.03870390647
1727000 475927.8855582735
1728000 475923.72258255567
1729000 475919.5497443963
1730000 475915.36701127025
1731000 475911.17435048654
1732000 475906.9717291916
1733000 475902.7591143618
1734000 475898.5364728102
1735000 475894.3037711756
1736000 475890.06097593304
1737000 475885.8080533831
1738000 475881.5449696558
1739000 475877.2716907086
1740000 475872.98818233307
1741000 475868.6944101374
1742000 475864.39033956
1743000 475860.07593586016
1744000 475855.75116412604
1745000 475851.41598926304
1746000 475847.0703760001
1747000 475842.7142888872
1748000 475838.3476922935
1749000 475833.9705504068
1750000 475829.5828272331
1751000 475825.18448659324
1752000 475820.775492125
1753000 475816.3558072829
1754000 475811.92539533
1755000 475807.48421934916
1756000 475803.0322422283
1757000 475798.56942666834
1758000 475794.0957351824
1759000 475789.6111300889
1760000 475785.115573515
1761000 475780.60902739415
1762000 475776.0914534663
1763000 475771.56281327346
1764000 475767.023068163
1765000 475762.47217928554
1766000 475757.9101075864
1767000 475753.33681381826
1768000 475748.75225852727
1769000 475744.1564020621
1770000 475739.54920456425
1771000 475734.93062597135
1772000 475730.30062601774
1773000 475725.6591642278
1774000 475721.0061999196
1775000 475716.34169220127
1776000 475711.6655999702
1777000 475706.97788191255
1778000 475702.2784965021
1779000 475697.5674019968
1780000 475692.8445564425
1781000 475688.1099176645
1782000 475683.3634432736
1783000 475678.6050906601
1784000 475673.8348169933
1785000 475669.052579223
1786000 475664.2583340724
1787000 475659.4520380447
1788000 475654.63364741666
1789000 475649.80311823613
1790000 475644.9604063234
1791000 475640.10546727123
1792000 475635.23825643683
1793000 475630.3587289546
1794000 475625.46683971386
1795000 475620.5625433771
1796000 475615.6457943659
1797000 475610.7165468686
1798000 475605.7747548291
1799000 475600.82037195354
1800000 475595.8533517064
1801000 475590.8736473085
1802000 475585.8812117315
1803000 475580.87599770876
1804000 475575.85795771884
1805000 475570.8270439935
1806000 475565.78320851043
1807000 475560.72640300216
1808000 475555.65657894046
1809000 475550.5736875451
1810000 475545.4776797743
1811000 475540.3685063343
1812000 475535.2461176646
1813000 475530.1104639464
1814000 475524.9614950978
1815000 475519.7991607675
1816000 475514.62341034465
1817000 475509.4341929443
1818000 475504.23145741166
1819000 475499.0151523249
1820000 475493.78522598295
1821000 475488.5416264132
1822000 475483.2843013644
1823000 475478.0131983078
1824000 475472.72826443415
1825000 475467.4294466541
1826000 475462.11669159
1827000 475456.7899455818
1828000 475451.44915468176
1829000 475446.09426465206
1830000 475440.7252209632
1831000 475435.3419687944
1832000 475429.9444530296
1833000 475424.53261825576
1834000 475419.10640876234
1835000 475413.66576853563
1836000 475408.2106412627
1837000 475402.74097032455
1838000 475397.2566987971
1839000 475391.75776944484
1840000 475386.24412472796
1841000 475380.71570678893
1842000 475375.17245745764
1843000 475369.6143182492
1844000 475364.0412303592
1845000 475358.4531346612
1846000 475352.84997170937
1847000 475347.2316817318
1848000 475341.5982046289
1849000 475335.94947997417
1850000 475330.2854470102
1851000 475324.60604464595
1852000 475318.91121145256
1853000 475313.2008856655
1854000 475307.475005184
1855000 475301.7335075583
1856000 475295.9763300007
1857000 475290.20340937126
1858000 475284.41468218446
1859000 475278.61008460633
1860000 475272.7895524427
1861000 475266.95302114857
1862000 475261.10042581905
1863000 475255.23170118814
1864000 475249.34678162955
1865000 475243.44560114644
1866000 475237.52809337823
1867000 475231.5941915933
1868000 475225.6438286858
1869000 475219.6769371722
1870000 475213.6934491956
1871000 475207.69329651486
1872000 475201.67641051026
1873000 475195.6427221695
1874000 475189.59216209827
1875000 475183.5246605087
1876000 475177.4401472173
1877000 475171.3385516466
1878000 475165.2198028199
1879000 475159.083829356
1880000 475152.93055947253
1881000 475146.7599209786
1882000 475140.57184127235
1883000 475134.36624733737
1884000 475128.1430657437
1885000 475121.90222264326
1886000 475115.6436437639
1887000 475109.3672544073
1888000 475103.07297945285
1889000 475096.76074334397
1890000 475090.43047009216
1891000 475084.0820832756
1892000 475077.7155060289
1893000 475071.33066104184
1894000 475064.9274705652
1895000 475058.5058563929
1896000 475052.0657398721
1897000 475045.6070418921
1898000 475039.1296828841
1899000 475032.6335828171
1900000 475026.1186611936
1901000 475019.5848370507
1902000 475013.032028951
1903000 475006.4601549825
1904000 474999.8691327539
1905000 474993.25887939445
1906000 474986.62931154313
1907000 474979.9803453531
1908000 474973.31189648545
1909000 474966.623880103
1910000 474959.91621087014
1911000 474953.1888029484
1912000 474946.44156999036
1913000 474939.6744251415
1914000 474932.8872810286
1915000 474926.0800497632
1916000 474919.25264293165
1917000 474912.4049715999
1918000 474905.5369463011
1919000 474898.64847703435
1920000 474891.73947326385
1921000 474884.809843909
1922000 474877.8594973466
1923000 474870.8883414039
1924000 474863.8962833543
1925000 474856.8832299134
1926000 474849.8490872366
1927000 474842.79376091174
1928000 474835.7171559584
1929000 474828.61917682097
1930000 474821.49972736393
1931000 474814.35871087137
1932000 474807.19603004016
1933000 474800.01158697216
1934000 474792.8052831788
1935000 474785.57701956783
1936000 474778.32669643883
1937000 474771.0542134898
1938000 474763.7594697989
1939000 474756.44236382435
1940000 474749.1027934029
1941000 474741.7406557447
1942000 474734.35584742564
1943000 474726.94826438336
1944000 474719.5178019115
1945000 474712.06435465865
1946000 474704.58781662054
1947000 474697.0880811337
1948000 474689.5650408717
1949000 474682.0185878432
1950000 474674.44861338043
1951000 474666.85500814073
1952000 474659.2376620964
1953000 474651.59646453283
1954000 474643.9313040376
1955000 474636.2420685041
1956000 474628.52864511625
1957000 474620.79092035256
1958000 474613.02877997124
1959000 474605.2421090119
1960000 474597.43079178827
1961000 474589.59471187537
1962000 474581.73375211627
1963000 474573.8477946092
1964000 474565.9367206966
1965000 474558.0004109703
1966000 474550.0387452583
1967000 474542.05160262063
1968000 474534.03886134375
1969000 474526.00039893185
1970000 474517.9360921057
1971000 474509.84581678803
1972000 474501.7294481095
1973000 474493.5868603911
1974000 474485.4179271418
1975000 474477.2225210518
1976000 474469.0005139891
1977000 474460.7517769882
1978000 474452.4761802404
1979000 474444.17359310325
1980000 474435.8438840725
1981000 474427.48692078685
1982000 474419.10257002164
1983000 474410.6906976776
1984000 474402.2511687759
1985000 474393.7838474513
1986000 474385.28859693935
1987000 474376.7652795806
1988000 474368.21375680267
1989000 474359.63388911844
1990000 474351.0255361137
1991000 474342.38855644595
1992000 474333.7228078279
1993000 474325.0281470308
1994000 474316.30442986905
1995000 474307.55151119124
1996000 474298.7692448799
1997000 474289.95748383185
1998000 474281.1160799634
1999000 474272.2448841916
2000000 474263.343746429
2001000 474254.4125155781
2002000 474245.4510395186
2003000 474236.45916510385
2004000 474227.43673814525
2005000 474218.38360340864
2006000 474209.2996046078
2007000 474200.1845843885
2008000 474191.0383843228
2009000 474181.8608449003
2010000 474172.65180551825
2011000 474163.4111044746
2012000 474154.138578955
2013000 474144.83406502614
2014000 474135.4973976218
2015000 474126.12841054203
2016000 474116.7269364303
2017000 474107.2928067762
2018000 474097.82585190027
2019000 474088.3259009412
2020000 474078.79278184945
2021000 474069.22632137465
2022000 474059.62634505774
2023000 474049.99267721595
2024000 474040.32514093857
2025000 474030.6235580715
2026000 474020.8877492057
2027000 474011.11753367237
2028000 474001.3127295227
2029000 473991.473153524
2030000 473981.59862114524
2031000 473971.68894654635
2032000 473961.7439425677
2033000 473951.7634207141
2034000 473941.7471911499
2035000 473931.69506268005
2036000 473921.606842743
2037000 473911.4823373955
2038000 473901.32135130157
2039000 473891.1236877192
2040000 473880.88914849225
2041000 473870.6175340301
2042000 473860.3086432968
2043000 473849.9622738047
2044000 473839.5782215937
2045000 473829.15628121985
2046000 473818.69624574354
2047000 473808.19790671545
2048000 473797.66105416167
2049000 473787.0854765697
2050000 473776.47096087725
2051000 473765.81729245355
2052000 473755.1242550904
2053000 473744.39163097885
2054000 473733.6192007079
2055000 473722.8067432347
2056000 473711.9540358832
2057000 473701.0608543178
2058000 473690.12697253644
2059000 473679.1521628487
2060000 473668.1361958632
2061000 473657.0788404737
2062000 473645.9798638374
2063000 473634.8390313653
2064000 473623.6561067005
2065000 473612.4308517043
2066000 473601.1630264393
2067000 473589.85238915024
2068000 473578.49869625096
2069000 473567.1017023024
2070000 473555.661159999
2071000 473544.17682014755
2072000 473532.648431652
2073000 473521.0757414932
2074000 473509.4584947132
2075000 473497.7964343938
2076000 473486.08930163726
2077000 473474.3368355524
2078000 473462.5387732274
2079000 473450.6948497199
2080000 473438.80479802954
2081000 473426.86834908073
2082000 473414.885231703
2083000 473402.8551726081
2084000 473390.77789637726
2085000 473378.65312542685
2086000 473366.4805800018
2087000 473354.2599781428
2088000 473341.99103567115
2089000 473329.67346616345
2090000 473317.30698093463
2091000 473304.8912890066
2092000 473292.42609709594
2093000 473279.91110958345
2094000 473267.3460284956
2095000 473254.7305534756
2096000 473242.06438176794
2097000 473229.34720818256
2098000 473216.5787250847
2099000 473203.7586223618
2100000 473190.8865873961
2101000 473177.962305044
2102000 473164.98545761337
2103000 473151.95572482934
2104000 473138.8727838165
2105000 473125.73630906944
2106000 473112.54597242177
2107000 473099.30144302495
2108000 473086.0023873174
2109000 473072.6484690009
2110000 473059.2393490062
2111000 473045.7746854672
2112000 473032.25413369597
2113000 473018.6773461498
2114000 473005.04397239845
2115000 472991.3536591013
2116000 472977.60604997503
2117000 472963.80078575714
2118000 472949.9375041843
2119000 472936.0158399541
2120000 472922.03542469634
2121000 472907.995886937
2122000 472893.8968520692
2123000 472879.73794232367
2124000 472865.5187767226
2125000 472851.23897106264
2126000 472836.8981378677
2127000 472822.4958863592
2128000 472808.03182242
2129000 472793.5055485582
2130000 472778.91666387336
2131000 472764.26476401807
2132000 472749.5494411623
2133000 472734.7702839523
2134000 472719.9268774747
2135000 472705.0188032233
2136000 472690.04563905264
2137000 472675.0069591381
2138000 472659.90233394277
2139000 472644.73133017076
2140000 472629.4935107314
2141000 472614.18843468896
2142000 472598.8156572348
2143000 472583.3747296253
2144000 472567.8651991583
2145000 472552.2866091173
2146000 472536.63849872956
2147000 472520.92040311906
2148000 472505.1318532695
2149000 472489.2723759685
2150000 472473.3414937598
2151000 472457.33872490673
2152000 472441.2635833351
2153000 472425.1155785874
2154000 472408.89421577123
2155000 472392.5989955126
2156000 472376.2294139029
2157000 472359.78496244637
2158000 472343.2651280105
2159000 472326.66939277423
2160000 472309.99723416846
2161000 472293.2481248275
2162000 472276.421532534
2163000 472259.51692015334
2164000 472242.5337455946
2165000 472225.4714617363
2166000 472208.32951637753
2167000 472191.10735217726
2168000 472173.80440659577
2169000 472156.42011182726
2170000 472138.95389474364
2171000 472121.4051768352
2172000 472103.773374142
2173000 472086.05789719126
2174000 472068.2581509327
2175000 472050.3735346734
2176000 472032.403442006
2177000 472014.34726075106
2178000 471996.2043728746
2179000 471977.97415443347
2180000 471959.65597548784
2181000 471941.2492000464
2182000 471922.75318597734
2183000 471904.16728495096
2184000 471885.4908423488
2185000 471866.72319719766
2186000 471847.86368208844
2187000 471828.9116230992
2188000 471809.8663397177
2189000 471790.72714475467
2190000 471771.49334426585
2191000 471752.1642374717
2192000 471732.73911666917
2193000 471713.2172671444
2194000 471693.5979670915
2195000 471673.88048752357
2196000 471654.0640921774
2197000 471634.1480374312
2198000 471614.13157220325
2199000 471594.01393786754
2200000 471573.7943681567
2201000 471553.47208905657
2202000 471533.04631872353
2203000 471512.5162673704
2204000 471491.8811371803
2205000 471471.1401221907
2206000 471450.2924081983
2207000 471429.33717265096
2208000 471408.27358454186
2209000 471387.1008042983
2210000 471365.8179836735
2211000 471344.4242656331
2212000 471322.9187842442
2213000 471301.30066455324
2214000 471279.56902247714
2215000 471257.7229646796
2216000 471235.76158844685
2217000 471213.68398157397
2218000 471191.4892222276
2219000 471169.17637883197
2220000 471146.7445099268
2221000 471124.19266404776
2222000 471101.51987958944
2223000 471078.72518466687
2224000 471055.80759698275
2225000 471032.7661236834
2226000 471009.59976122185
2227000 470986.3074952116
2228000 470962.888300278
2229000 470939.34113991406
2230000 470915.6649663251
2231000 470891.8587202769
2232000 470867.9213309417
2233000 470843.8517157323
2234000 470819.64878015174
2235000 470795.3114176158
2236000 470770.83850929805
2237000 470746.22892395855
2238000 470721.4815177643
2239000 470696.5951341166
2240000 470671.56860348274
2241000 470646.4007431988
2242000 470621.09035729757
2243000 470595.63623632106
2244000 470570.03715712007
2245000 470544.2918826731
2246000 470518.39916188025
2247000 470492.3577293645
2248000 470466.1663052738
2249000 470439.82359506655
2250000 470413.32828930556
2251000 470386.6790634427
2252000 470359.87457759894
2253000 470332.91347634554
2254000 470305.7943884739
2255000 470278.51592677174
2256000 470251.07668778714
2257000 470223.4752515815
2258000 470195.710181509
2259000 470167.7800239469
2260000 470139.683308062
2261000 470111.41854554595
2262000 470082.98423035955
2263000 470054.37883846735
2264000 470025.6008275714
2265000 469996.64863683376
2266000 469967.5206865987
2267000 469938.21537811233
2268000 469908.7310932302
2269000 469879.06619412353
2270000 469849.2190229809
2271000 469819.18790170347
2272000 469788.9711315951
2273000 469758.56699304114
2274000 469727.9737451963
2275000 469697.1896256466
2276000 469666.2128500781
2277000 469635.04161194176
2278000 469603.6740821025
2279000 469572.1084084838
2280000 469540.3427157135
2281000 469508.37510475266
2282000 469476.20365252404
2283000 469443.82641153206
2284000 469411.2414094753
2285000 469378.4466488505
2286000 469345.44010654633
2287000 469312.21973344026
2288000 469278.78345397586
2289000 469245.12916573614
2290000 469211.25473900733
2291000 469177.1580163413
2292000 469142.83681209927
2293000 469108.28891199216
2294000 469073.5120726129
2295000 469038.5040209511
2296000 469003.2624539145
2297000 468967.78503782075
2298000 468932.0694078979
2299000 468896.1131677628
2300000 468859.9138888918
2301000 468823.46911007917
2302000 468786.7763368936
2303000 468749.83304111764
2304000 468712.6366601641
2305000 468675.1845965047
2306000 468637.4742170684
2307000 468599.5028526312
2308000 468561.267797196
2309000 468522.7663073693
2310000 468483.9956016972
2311000 468444.95286001964
2312000 468405.63522278727
2313000 468366.03979038267
2314000 468326.16362240765
2315000 468286.0037369748
2316000 468245.55710997223
2317000 468204.82067431015
2318000 468163.7913191697
2319000 468122.4658892085
2320000 468080.8411837739
2321000 468038.9139560895
2322000 467996.6809124167
2323000 467954.138711208
2324000 467911.28396224586
2325000 467868.11322574294
2326000 467824.6230114517
2327000 467780.80977772
2328000 467736.66993056255
2329000 467692.1998226806
2330000 467647.39575248206
2331000 467602.25396306405
2332000 467556.77064118115
2333000 467510.9419161893
2334000 467464.76385896595
2335000 467418.232480803
2336000 467371.3437322786
2337000 467324.09350210155
2338000 467276.4776159265
2339000 467228.49183514307
2340000 467180.13185564964
2341000 467131.39330657123
2342000 467082.27174897905
2343000 467032.76267455326
2344000 466982.8615042349
2345000 466932.5635868304
2346000 466881.86419759854
2347000 466830.75853679056
2348000 466779.24172816187
2349000 466727.30881744495
2350000 466674.9547707939
2351000 466622.17447318195
2352000 466568.9627267619
2353000 466515.31424919557
2354000 466461.2236719245
2355000 466406.68553842575
2356000 466351.69430239836
2357000 466296.24432591343
2358000 466240.32987753337
2359000 466183.9451303598
2360000 466127.0841600503
2361000 466069.74094278115
2362000 466011.90935315785
2363000 465953.58316206955
2364000 465894.75603449804
2365000 465835.4215272554
2366000 465775.5730866919
2367000 465715.20404631254
2368000 465654.3076243483
2369000 465592.8769212698
2370000 465530.9049172254
2371000 465468.3844694184
2372000 465405.3083094151
2373000 465341.66904037097
2374000 465277.45913421124
2375000 465212.67092870217
2376000 465147.2966244736
2377000 465081.32828193886
2378000 465014.75781814905
2379000 464947.5770035513
2380000 464879.77745866764
2381000 464811.3506506719
2382000 464742.28788988915
2383000 464672.5803261777
2384000 464602.21894523886
2385000 464531.1945647929
2386000 464459.49783067283
2387000 464387.1192128011
2388000 464314.04900104494
2389000 464240.2773009664
2390000 464165.7940294516
2391000 464090.5889102033
2392000 464014.65146910993
2393000 463937.9710294947
2394000 463860.53670720814
2395000 463782.3374055831
2396000 463703.3618102521
2397000 463623.598383803
2398000 463543.03536027524
2399000 463461.6607395065
2400000 463379.462281293
2401000 463296.427499392
2402000 463212.54365532694
2403000 463127.7977520298
2404000 463042.17652726
2405000 462955.66644684854
2406000 462868.2536977199
2407000 462779.92418070516
2408000 462690.6635031319
2409000 462600.456971182
2410000 462509.2895820099
2411000 462417.14601561846
2412000 462324.0106264693
2413000 462229.86743483285
2414000 462134.7001178641
2415000 462038.49200038577
2416000 461941.22604537697
2417000 461842.8848441547
2418000 461743.4506062292
2419000 461642.90514884156
2420000 461541.2298861373
2421000 461438.4058179962
2422000 461334.41351848043
2423000 461229.2331239044
2424000 461122.8443204929
2425000 461015.2263316332
2426000 460906.35790468496
2427000 460796.21729733463
2428000 460684.7822634963
2429000 460572.0300387041
2430000 460457.93732501677
2431000 460342.4802753768
2432000 460225.6344774257
2433000 460107.3749367467
2434000 459987.67605951265
2435000 459866.511634507
2436000 459743.8548145013
2437000 459619.6780969555
2438000 459493.953304014
2439000 459366.6515617752
2440000 459237.7432787859
2441000 459107.19812374504
2442000 458974.9850023753
2443000 458841.0720334202
2444000 458705.4265237356
2445000 458568.01494244824
2446000 458428.8028940975
2447000 458287.75509077375
2448000 458144.835323158
2449000 458000.00643044274
2450000 457853.23026906396
2451000 457704.4676802072
2452000 457553.6784560248
2453000 457400.8213044884
2454000 457245.85381284915
2455000 457088.73240959895
2456000 456929.41232489084
2457000 456767.847549333
2458000 456603.99079108424
2459000 456437.79343115946
2460000 456269.2054768698
2461000 456098.1755133003
2462000 455924.6506527248
2463000 455748.57648186735
2464000 455569.8970068894
2465000 455388.5545959972
2466000 455204.4899195444
2467000 455017.6418875133
2468000 454827.9475842118
2469000 454635.3422000863
2470000 454439.7589604557
2471000 454241.12905103556
2472000 454039.3815400727
2473000 453834.44329690665
2474000 453626.2389067745
2475000 453414.69058164855
2476000 453199.71806689835
2477000 452981.23854354187
2478000 452759.1665258495
2479000 452533.4137540399
2480000 452303.88908178965
2481000 452070.49835826486
2482000 451833.14430437336
2483000 451591.72638289287
2484000 451346.14066212473
2485000 451096.27967271017
2486000 450842.0322571852
2487000 450583.2834118645
2488000 450319.91412057955
2489000 450051.8011798173
2490000 449778.81701468356
2491000 449500.8294851776
2492000 449217.70168216445
2493000 448929.2917124054
2494000 448635.45247196173
2495000 448336.0314072378
2496000 448030.8702628899
2497000 447719.8048157315
2498000 447402.6645937615
2499000 447079.27257931
2500000 446749.4448952862
2501000 446412.9904733817
2502000 446069.71070304344
2503000 445719.39905989385
2504000 445361.84071220865
2505000 444996.8121039335
2506000 444624.0805126273
2507000 444243.4035805526
2508000 443854.52881702606
2509000 443457.19306996476
2510000 443051.1219644393
2511000 442636.02930578776
2512000 442211.61644471786
2513000 441777.5716015794
2514000 441333.5691467333
2515000 440879.26883370406
2516000 440414.3149815326
2517000 439938.335602372
2518000 439450.9414701067
2519000 438951.72512532765
2520000 438440.2598116228
2521000 437916.09833767713
2522000 437378.7718591613
2523000 436827.78857384034
2524000 436262.6323227441
2525000 435682.7610895312
2526000 435087.6053894595
2527000 434476.5665385539
2528000 433849.01479263575
2529000 433204.28734487796
2530000 432541.68616943574
2531000 431860.47569746326
2532000 431159.8803104497
2533000 430439.08163425385
2534000 429697.21561557346
2535000 428933.3693606086
2536000 428146.5777136609
2537000 427335.8195509681
2538000 426500.0137625131
2539000 425638.0148915826
2540000 424748.60839857644
2541000 423830.5055119178
2542000 422882.3376247946
2543000 421902.6501918784
2544000 420889.8960750436
2545000 419842.4282812965
2546000 418758.4920297223
2547000 417636.2160769743
2548000 416473.60322271095
2549000 415268.5199072998
2550000 414018.6848038842
2551000 412721.6562954918
2552000 411374.81871506496
2553000 409975.3672120461
2554000 408520.2910931291
2555000 407006.3554671976
2556000 405430.0810046764
2557000 403787.7215999184
2558000 402075.239701374
2559000 400288.27904832066
2560000 398422.1345249135
2561000 396471.718812427
2562000 394431.52548936836
2563000 392295.5881973146
2564000 390057.43545922515
2565000 387710.04070854286
2566000 385245.7670644724
2567000 382656.3063758099
2568000 379932.6120587464
2569000 377064.8252821109
2570000 374042.19411928527
2571000 370852.9854074979
2572000 367484.3892575685
2573000 363922.41647598986
2574000 360151.78964556934
2575000 356155.82932929916
2576000 351916.3379086557
2577000 347413.485071351
2578000 342625.70109942515
2579000 337529.58711128734
2580000 332099.85559025395
2581000 326309.3202857385
2582000 320128.9623973809
2583000 313528.11042872246
2584000 306474.7848431114
2585000 298936.27618862357
2586000 290880.0468150269
2587000 282275.0708809051
2588000 273093.7523201121
2589000 263314.57954985433
2590000 252925.67678518617
2591000 241929.37379045226
2592000 230347.80620918312
2593000 218229.3342095969
2594000 205655.18514142363
2595000 192745.17349589942
2596000 179660.70372677554
2597000 166602.75640888055
2598000 153802.6327841623
2599000 141504.4015442746
2600000 129940.4610513224
2601000 119304.76946988232
2602000 109730.49620599805
2603000 101278.36828413444
2604000 93938.47961139104
2605000 87643.56675779534
2606000 82288.39547245273
2607000 77749.41157567219
2608000 73900.62334498847
2609000 70624.18021704395
2610000 67816.00867838648
2611000 65387.76162081623
2612000 63266.455880810725
2613000 61392.90420351769
2614000 59719.68591897711
2615000 58209.09036552977
2616000 56831.24956698329
2617000 55562.54313170993
2618000 54384.28530465182
2619000 53281.66927155929
2620000 52242.93083751578
2621000 51258.691982154654
2622000 50321.44837471042
2623000 49425.17036999283
2624000 48564.99263233955
2625000 47736.97261245117
2626000 46937.90238370496
2627000 46165.16181667126
2628000 45416.603821058416
2629000 44690.464531823105
2630000 43985.29297904937
2631000 43299.89606370227
2632000 42633.29565049581
2633000 41984.695354688054
2634000 41353.455197064184
2635000 40739.072774641485
2636000 40141.16997863549
2637000 39559.48461469585
2638000 38993.866568490186
2639000 38444.278435619664
2640000 37910.80082341802
2641000 37393.64286220233
2642000 36893.15887283565
2643000 36409.87267908547
2644000 35944.511806629824
2645000 35498.054898763454
2646000 35071.79729954982
2647000 34667.442233914815
2648000 34287.22890324066
2649000 33934.11507606515
2650000 33612.04211421776
2651000 33326.328042508154
2652000 33084.26542432137
2653000 32896.05785950149
2654000 32776.33802652474
2655000 32746.72954801593
2656000 32840.38263596564
2657000 33110.482717395236
2658000 33647.39179455488
2659000 34616.434806432684
2660000 36351.5721381177
2661000 39627.82699991142
2662000 46658.71003242803
2663000 66326.35050289531
2664000 164149.80998381917
2665000 1393023.4727093137
2666000 13690000.78975143
2667000 45420524.919630006
2668000 80851784.80714355
2669000 109530957.01074652
2670000 125686940.77009507
2671000 131687486.43895732
2672000 133462845.21192525
2673000 133931255.47045965
2674000 134031377.13784553
2675000 134030390.87595737
2676000 134001845.70730978
2677000 133965810.51400575
2678000 133927750.02039179
2679000 133889151.90102656
2680000 133850421.24955998
2681000 133811668.41184916
2682000 133772923.45385255
2683000 133734194.56644589
2684000 133695483.97723897
2685000 133656792.28749801
2686000 133618119.65474845
2687000 133579466.11539459
2688000 133540831.67276525
2689000 133502216.32116151
2690000 133463620.05242087
2691000 133425042.85771298
2692000 133386484.7280306
2693000 133347945.65432468
2694000 133309425.6275393
2695000 133270924.6386228
2696000 133232442.67853044
2697000 133193979.73822476
2698000 133155535.80867572
2699000 133117110.88086213
2700000 133078704.94576955
2701000 133040317.99439216
2702000 133001950.0177317
2703000 132963601.0067974
2704000 132925270.95260642
2705000 132886959.84618343
2706000 132848667.67856257
2707000 132810394.44078203
2708000 132772140.12389088
2709000 132733904.71894498
2710000 132695688.21700819
2711000 132657490.60915205
2712000 132619311.88645542
2713000 132581152.04000458
2714000 132543011.06089433
2715000 132504888.9402266
2716000 132466785.66911124
2717000 132428701.23866598
2718000 132390635.64001565
2719000 132352588.86429241
2720000 132314560.90263669
2721000 132276551.74619678
2722000 132238561.38612904
2723000 132200589.81359573
2724000 132162637.0197675
2725000 132124702.99582265
2726000 132086787.73294745
2727000 132048891.22233577
2728000 132011013.45518863
2729000 131973154.4227136
2730000 131935314.11612764
2731000 131897492.52665411
2732000 131859689.64552508
2733000 131821905.4639817
2734000 131784139.97326201
2735000 131746393.16462721
2736000 131708665.0293371
2737000 131670955.55866013
2738000 131633264.74387218
2739000 131595592.57625704
2740000 131557939.04710646
2741000 131520304.14771782
2742000 131482687.86939847
2743000 131445090.2034618
2744000 131407511.14122878
2745000 131369950.6740274
2746000 131332408.79319392
2747000 131294885.49007118
2748000 131257380.75600995
2749000 131219894.58236755
2750000 131182426.9605106
2751000 131144977.88181144
2752000 131107547.33765106
2753000 131070135.31941561
2754000 131032741.81850049
2755000 130995366.8263075
2756000 130958010.3342471
2757000 130920672.33373508
2758000 130883352.8161957
2759000 130846051.77306096
2760000 130808769.19576924
2761000 130771505.0757672
2762000 130734259.40450795
2763000 130697032.17345124
2764000 130659823.37406626
2765000 130622632.99782802
2766000 130585461.0362188
2767000 130548307.48072802
2768000 130511172.32285306
2769000 130474055.55409749
2770000 130436957.16597252
2771000 130399877.1499977
2772000 130362815.49769887
2773000 130325772.20060848
2774000 130288747.25026673
2775000 130251740.63822159
2776000 130214752.35602681
2777000 130177782.3952445
2778000 130140830.74744374
2779000 130103897.40420015
2780000 130066982.35709733
2781000 130030085.59772538
2782000 129993207.11768234
2783000 129956346.90857224
2784000 129919504.96200693
2785000 129882681.26960544
2786000 129845875.8229938
2787000 129809088.61380477
2788000 129772319.63367893
2789000 129735568.87426318
2790000 129698836.32721153
2791000 129662121.98418498
2792000 129625425.83685265
2793000 129588747.87689002
2794000 129552088.09597947
2795000 129515446.48581058
2796000 129478823.03807992
2797000 129442217.74449098
2798000 129405630.59675348
2799000 129369061.58658613
2800000 129332510.70571361
2801000 129295977.94586729
2802000 129259463.29878539
2803000 129222966.75621381
2804000 129186488.30990492
2805000 129150027.95161837
2806000 129113585.67312008
2807000 129077161.46618363
2808000 129040755.32259008
2809000 129004367.23412551
2810000 128967997.19258502
2811000 128931645.18976906
2812000 128895311.21748666
2813000 128858995.26755285
2814000 128822697.33178794
2815000 128786417.40202117
2816000 128750155.47008802
2817000 128713911.52783167
2818000 128677685.5671008
2819000 128641477.57975216
2820000 128605287.55764794
2821000 128569115.49265878
2822000 128532961.37666121
2823000 128496825.20153923
2824000 128460706.95918307
2825000 128424606.64148925
2826000 128388524.24036224
2827000 128352459.74771237
2828000 128316413.15545854
2829000 128280384.4555247
2830000 128244373.6398419
2831000 128208380.7003481
2832000 128172405.62898842
2833000 128136448.41771366
2834000 128100509.05848376
2835000 128064587.54326178
2836000 128028683.86401989
2837000 127992798.01273672
2838000 127956929.98139788
2839000 127921079.7619953
2840000 127885247.34652762
2841000 127849432.72700076
