0 67281.14119780333
1000 48726.96070615182
2000 40916.76421983495
3000 34424.91760806003
4000 28897.336988774994
5000 23859.293454102568
6000 17438.34000197351
7000 6232.770482646979
8000 6197.502924049593
9000 6172.5033607728155
10000 6146.5151991748835
11000 6120.441380387676
12000 6094.421100901176
13000 6068.47076822079
14000 6042.592171400402
15000 6016.785454550783
16000 5991.05057772829
17000 5965.3874758049915
18000 5939.796075480309
19000 5914.276297347563
20000 5888.8280564284905
21000 5863.451262545687
22000 5838.1458206677535
23000 5812.911631240633
24000 5787.7485905063495
25000 5762.656590809491
26000 5737.635520891772
27000 5712.685266174853
28000 5687.805709031744
29000 5662.996729047156
30000 5638.258203266902
31000 5613.590006436862
32000 5588.992011231667
33000 5564.464088473515
34000 5540.006107341309
35000 5515.617935570485
36000 5491.299439643904
37000 5467.050484973981
38000 5442.8709360764005
39000 5418.760656735706
40000 5394.71951016313
41000 5370.747359146788
42000 5346.844066194706
43000 5323.009493670743
44000 5299.243503923859
45000 5275.545959410888
46000 5251.916722813072
47000 5228.355657146659
48000 5204.862625867728
49000 5181.437492971502
50000 5158.080123086409
51000 5134.790381563062
52000 5111.568134558367
53000 5088.413249114986
54000 5065.325593236341
55000 5042.305035957331
56000 5019.351447411051
57000 4996.4646988914465
58000 4973.644662912334
59000 4950.891213262809
60000 4928.204225059266
61000 4905.583574794094
62000 4883.029140381256
63000 4860.540801198951
64000 4838.118438129329
65000 4815.7619335955205
66000 4793.471171596109
67000 4771.24603773707
68000 4749.086419261322
69000 4726.9922050761315
70000 4704.963285778217
71000 4682.999553676918
72000 4661.100902815325
73000 4639.267228989588
74000 4617.498429766474
75000 4595.7944044991145
76000 4574.155054341283
77000 4552.580282260064
78000 4531.06999304704
79000 4509.62409332808
80000 4488.242491571918
81000 4466.92509809731
82000 4445.671825079062
83000 4424.4825865529465
84000 4403.357298419496
85000 4382.295878446722
86000 4361.298246271943
87000 4340.364323402588
88000 4319.494033216157
89000 4298.687300959382
90000 4277.944053746405
91000 4257.264220556443
92000 4236.647732230522
93000 4216.0945214676285
94000 4195.604522820157
95000 4175.177672688749
96000 4154.813909316524
97000 4134.513172782819
98000 4114.275404996258
99000 4094.1005496874195
100000 4073.9885524009733
101000 4053.939360487384
102000 4033.952923094138
103000 4014.0291911566014
104000 3994.168117388427
105000 3974.3696562716145
106000 3954.6337640461757
107000 3934.960398699559
108000 3915.349519955603
109000 3895.8010892632506
110000 3876.315069784973
111000 3856.8914263848765
112000 3837.530125616583
113000 3818.231135710783
114000 3798.9944265626063
115000 3779.8199697186706
116000 3760.707738364
117000 3741.6577073086223
118000 3722.6698529740333
119000 3703.7441533794495
120000 3684.8805881277253
121000 3666.079138391293
122000 3647.339786897797
123000 3628.662517915489
124000 3610.047317238591
125000 3591.4941721723326
126000 3573.0030715180023
127000 3554.574005557668
128000 3536.206966038852
129000 3517.901946158936
130000 3499.65894054953
131000 3481.4779452605785
132000 3463.3589577444923
133000 3445.301976839856
134000 3427.307002755165
135000 3409.3740370525666
136000 3391.5030826310344
137000 3373.6941437098158
138000 3355.947225811472
139000 3338.262335744907
140000 3320.6394815881536
141000 3303.0786726710694
142000 3285.579919557926
143000 3268.143234029726
144000 3250.768629066481
145000 3233.4561188292632
146000 3216.205718642173
147000 3199.0174449740666
148000 3181.8913154201914
149000 3164.8273486836947
150000 3147.8255645568133
151000 3130.8859839021143
152000 3114.0086286333185
153000 3097.1935216962356
154000 3080.440687049293
155000 3063.7501496440195
156000 3047.121935405234
157000 3030.5560712112597
158000 3014.052584873697
159000 2997.611505117217
160000 2981.232861559022
161000 2964.916684688172
162000 2948.6630058447463
163000 2932.4718571987305
164000 2916.3432717287565
165000 2900.2772832005553
166000 2884.273926145329
167000 2868.3332358377484
168000 2852.455248273877
169000 2836.6400001487077
170000 2820.8875288336585
171000 2805.1978723537163
172000 2789.571069364334
173000 2774.007159128151
174000 2758.506181491466
175000 2743.06817686038
176000 2727.6931861768
177000 2712.381250894119
178000 2697.1324129526565
179000 2681.946714754816
180000 2666.82419914001
181000 2651.764909359303
182000 2636.7688890497825
183000 2621.8361822086417
184000 2606.9668331669764
185000 2592.1608865633334
186000 2577.4183873169395
187000 2562.739380600688
188000 2548.123911813707
189000 2533.5720265538444
190000 2519.083770589644
191000 2504.6591898321335
192000 2490.2983303063043
193000 2476.001238122265
194000 2461.7679594460546
195000 2447.598540470202
196000 2433.493027383944
197000 2419.4514663431373
198000 2405.4739034398617
199000 2391.5603846717
200000 2377.710955910652
201000 2363.925662871827
202000 2350.2045510817406
203000 2336.547665846306
204000 2322.9550522185286
205000 2309.4267549658334
206000 2295.9628185371403
207000 2282.5632870295135
208000 2269.228204154628
209000 2255.9576132047846
210000 2242.751557018692
211000 2229.6100779468775
212000 2216.5332178168683
213000 2203.5210178979255
214000 2190.5735188655894
215000 2177.690760765848
216000 2164.872782979075
217000 2152.1196241835037
218000 2139.4313223186527
219000 2126.8079145481847
220000 2114.2494372227115
221000 2101.7559258421616
222000 2089.327415017913
223000 2076.9639384346856
224000 2064.6655288121415
225000 2052.4322178662283
226000 2040.264036270209
227000 2028.161013615545
228000 2016.1231783724897
229000 2004.1505578504518
230000 1992.2431781581304
231000 1980.4010641634482
232000 1968.6242394533037
233000 1956.9127262930645
234000 1945.2665455859649
235000 1933.6857168322504
236000 1922.1702580881906
237000 1910.7201859249817
238000 1899.3355153874766
239000 1888.016259952786
240000 1876.7624314887819
241000 1865.5740402124902
242000 1854.451094648457
243000 1843.3936015869817
244000 1832.4015660423336
245000 1821.4749912109164
246000 1810.6138784294756
247000 1799.818227133202
248000 1789.088034813946
249000 1778.423296978404
250000 1767.8240071064101
251000 1757.2901566092494
252000 1746.8217347881346
253000 1736.418728792712
254000 1726.081123579745
255000 1715.8089018719802
256000 1705.6020441171383
257000 1695.4605284471158
258000 1685.3843306374517
259000 1675.373424066975
260000 1665.4277796777542
261000 1655.547365935345
262000 1645.732148789341
263000 1635.9820916342505
264000 1626.297155270769
265000 1616.6772978674178
266000 1607.1224749226453
267000 1597.632639227288
268000 1588.2077408275566
269000 1578.847726988536
270000 1569.552542158158
271000 1560.3221279317522
272000 1551.156423017181
273000 1542.0553632005438
274000 1533.0188813125428
275000 1524.0469071955144
276000 1515.1393676711225
277000 1506.2961865087912
278000 1497.5172843948637
279000 1488.8025789025312
280000 1480.1519844626077
281000 1471.5654123350641
282000 1463.042770581465
283000 1454.583964038263
284000 1446.1888942910557
285000 1437.8574596496746
286000 1429.5895551243914
287000 1421.3850724029667
288000 1413.2438998288394
289000 1405.1659223802617
290000 1397.1510216506076
291000 1389.1990758296797
292000 1381.3099596862285
293000 1373.4835445515375
294000 1365.7196983042475
295000 1358.0182853563417
296000 1350.3791666403424
297000 1342.8021995977815
298000 1335.2872381689033
299000 1327.8341327836763
300000 1320.4427303540524
301000 1313.11287426764
302000 1305.8444043826246
303000 1298.6371570241176
304000 1291.4909649818267
305000 1284.4056575091618
306000 1277.381060323721
307000 1270.4169956092044
308000 1263.513282018755
309000 1256.669734679755
310000 1249.886165200053
311000 1243.1623816756755
312000 1236.4981887000101
313000 1229.8933873744581
314000 1223.3477753205677
315000 1216.8611466936732
316000 1210.4332921980176
317000 1204.0639991033604
318000 1197.7530512630915
319000 1191.5002291338476
320000 1185.3053097965844
321000 1179.1680669792104
322000 1173.0882710806052
323000 1167.065689196222
324000 1161.1000851450717
325000 1155.1912194982276
326000 1149.3388496087578
327000 1143.542729643113
328000 1137.8026106139193
329000 1132.1182404142328
330000 1126.4893638530998
331000 1120.915722692633
332000 1115.397055686322
333000 1109.9330986187742
334000 1104.5235843467356
335000 1099.1682428414242
336000 1093.866801232162
337000 1088.6189838512307
338000 1083.424512279948
339000 1078.283105395994
340000 1073.1944794218725
341000 1068.1583479745216
342000 1063.174422116005
343000 1058.2424104053862
344000 1053.3620189515193
345000 1048.5329514669625
346000 1043.7549093228247
347000 1039.0275916045505
348000 1034.3506951686675
349000 1029.7239147003297
350000 1025.1469427717586
351000 1020.61946990149
352000 1016.141184614313
353000 1011.7117735019931
354000 1007.3309212846527
355000 1002.9983108727934
356000 998.713623429899
357000 994.4765384356156
358000 990.286733749458
359000 986.1438856749564
360000 982.0476690242415
361000 977.9977571830445
362000 973.9938221760339
363000 970.0355347324095
364000 966.1225643518283
365000 962.2545793705146
366000 958.4312470274849
367000 954.6522335310535
368000 950.9172041252618
369000 947.2258231564864
370000 943.5777541399572
371000 939.9726598263366
372000 936.4102022681049
373000 932.8900428859308
374000 929.411842534854
375000 925.9752615702641
376000 922.5799599136105
377000 919.2255971179244
378000 915.9118324329282
379000 912.6383248698976
380000 909.4047332660283
381000 906.2107163484958
382000 903.055932797955
383000 899.9400413116499
384000 896.8627006658796
385000 893.8235697780577
386000 890.8223077680287
387000 887.8585740188983
388000 884.9320282371406
389000 882.0423305120365
390000 879.189141374459
391000 876.3721218548453
392000 873.5909335404956
393000 870.8452386320392
394000 868.1346999991205
395000 865.4589812352497
396000 862.817746711799
397000 860.2106616311572
398000 857.6373920789791
399000 855.0976050755118
400000 852.5909686260379
401000 850.1171517703416
402000 847.6758246312586
403000 845.2666584622243
404000 842.8893256938774
405000 840.5434999796042
406000 838.2288562401869
407000 835.9450707073364
408000 833.6918209662629
409000 831.4687859971887
410000 829.2756462158552
411000 827.1120835129564
412000 824.9777812925364
413000 822.8724245093617
414000 820.7956997051974
415000 818.7472950440658
416000 816.7269003464298
417000 814.7342071223189
418000 812.768908603413
419000 810.8306997740555
420000 808.9192774012417
421000 807.0343400635251
422000 805.1755881789005
423000 803.3427240316355
424000 801.5354517980943
425000 799.7534775714885
426000 797.9965093856483
427000 796.2642572377307
428000 794.5564331099772
429000 792.8727509904487
430000 791.2129268927573
431000 789.5766788748167
432000 787.9637270566726
433000 786.3737936372968
434000 784.8066029105019
435000 783.2618812798887
436000 781.7393572728716
437000 780.2387615537808
438000 778.7598269361058
439000 777.3022883937978
440000 775.8658830717577
441000 774.4503502953918
442000 773.055431579411
443000 771.6808706357309
444000 770.3264133805692
445000 768.9918079407835
446000 767.6768046593508
447000 766.3811561001351
448000 765.1046170518862
449000 763.8469445314636
450000 762.6078977863814
451000 761.3872382965972
452000 760.1847297756668
453000 759.0001381711343
454000 757.8332316643485
455000 756.6837806695694
456000 755.5515578324741
457000 754.4363380280157
458000 753.3378983577418
459000 752.256018146438
460000 751.190478938287
461000 750.1410644924392
462000 749.1075607780186
463000 748.0897559686564
464000 747.0874404364858
465000 746.1004067456468
466000 745.128449645321
467000 744.1713660623113
468000 743.2289550931434
469000 742.3010179957695
470000 741.3873581808438
471000 740.4877812025652
472000 739.6020947491883
473000 738.73010863309
474000 737.8716347805326
475000 737.0264872210438
476000 736.1944820764754
477000 735.3754375497398
478000 734.5691739132277
479000 733.7755134969452
480000 732.9942806763548
481000 732.2253018599673
482000 731.4684054766306
483000 730.7234219626224
484000 729.9901837484816
485000 729.2685252456228
486000 728.5582828327312
487000 727.8592948419808
488000 727.17140154502
489000 726.4944451388262
490000 725.8282697313497
491000 725.1727213270475
492000 724.527647812215
493000 723.8928989402019
494000 723.2683263165233
495000 722.6537833838073
496000 722.0491254066727
497000 721.4542094564626
498000 720.8688943959218
499000 720.2930408637834
500000 719.7265112592436
501000 719.169169726421
502000 718.6208821387096
503000 718.0815160831157
504000 717.550940844505
505000 717.0290273898611
506000 716.5156483524707
507000 716.0106780161133
508000 715.5139922991989
509000 715.0254687389308
510000 714.5449864754397
511000 714.0724262359098
512000 713.6076703187435
513000 713.1506025776969
514000 712.7011084060546
515000 712.2590747208346
516000 711.8243899469892
517000 711.3969440016629
518000 710.976628278478
519000 710.563335631857
520000 710.1569603613926
521000 709.7573981962803
522000 709.3645462797684
523000 708.9783031537088
524000 708.5985687431283
525000 708.2252443408994
526000 707.8582325924459
527000 707.4974374805416
528000 707.14276431018
529000 706.7941196935074
530000 706.451411534849
531000 706.1145490158099
532000 705.7834425804617
533000 705.4580039206344
534000 705.1381459612609
535000 704.8237828458446
536000 704.5148299220159
537000 704.2112037271604
538000 703.9128219741909
539000 703.6196035373681
540000 703.3314684382622
541000 703.0483378317997
542000 702.7701339924088
543000 702.4967803002858
544000 702.2282012277609
545000 701.9643223257701
546000 701.7050702104431
547000 701.4503725497879
548000 701.2001580505101
549000 700.9543564449193
550000 700.7128984779669
551000 700.4757158943878
552000 700.242741425958
553000 700.0139087788684
554000 699.7891526212146
555000 699.5684085706052
556000 699.3516131818765
557000 699.1387039349371
558000 698.9296192227152
559000 698.7242983392362
560000 698.5226814678106
561000 698.3247096693317
562000 698.1303248707143
563000 697.9394698534221
564000 697.7520882421297
565000 697.5681244935009
566000 697.3875238850763
567000 697.2102325042813
568000 697.0361972375575
569000 696.8653657595984
570000 696.6976865227095
571000 696.5331087462816
572000 696.3715824063796
573000 696.2130582254446
574000 696.0574876621155
575000 695.9048229011571
576000 695.7550168435088
577000 695.6080230964402
578000 695.4637959638261
579000 695.3222904365268
580000 695.1834621828846
581000 695.0472675393261
582000 694.913663501077
583000 694.7826077129891
584000 694.6540584604705
585000 694.5279746605341
586000 694.4043158529341
587000 694.2830421914286
588000 694.1641144351413
589000 694.0474939400239
590000 693.9331426504272
591000 693.8210230907775
592000 693.7110983573494
593000 693.6033321101486
594000 693.4976885648821
595000 693.3941324850505
596000 693.2926291741172
597000 693.193144467795
598000 693.095644726414
599000 693.0000968273996
600000 692.9064681578377
601000 692.8147266071383
602000 692.7248405597988
603000 692.6367788882504
604000 692.5505109458027
605000 692.4660065596827
606000 692.3832360241588
607000 692.3021700937601
608000 692.2227799765782
609000 692.1450373276651
610000 692.0689142425117
611000 691.9943832506141
612000 691.9214173091317
613000 691.8499897966201
614000 691.7800745068553
615000 691.711645642734
616000 691.6446778102646
617000 691.5791460126316
618000 691.5150256443426
619000 691.4522924854542
620000 691.390922695882
621000 691.3308928097769
622000 691.2721797299882
623000 691.2147607225976
624000 691.1586134115298
625000 691.103715773237
626000 691.0500461314547
627000 690.9975831520326
628000 690.9463058378379
629000 690.8961935237231
630000 690.8472258715727
631000 690.7993828654122
632000 690.752644806586
633000 690.7069923090085
634000 690.66240629447
635000 690.6188679880255
636000 690.57635891343
637000 690.5348608886537
638000 690.494356021448
639000 690.4548267049829
640000 690.4162556135432
641000 690.3786256982864
642000 690.3419201830574
643000 690.3061225602678
644000 690.2712165868315
645000 690.237186280159
646000 690.2040159142058
647000 690.1716900155856
648000 690.140193359729
649000 690.1095109671031
650000 690.0796280994853
651000 690.0505302562934
652000 690.0222031709604
653000 689.9946328073693
654000 689.9678053563349
655000 689.9417072321426
656000 689.9163250691265
657000 689.8916457183144
658000 689.8676562440984
659000 689.8443439209781
660000 689.8216962303343
661000 689.7997008572568
662000 689.7783456874164
663000 689.757618803986
664000 689.7375084846007
665000 689.7180031983689
666000 689.6990916029245
667000 689.6807625415195
668000 689.6630050401671
669000 689.6458083048171
670000 689.6291617185803
671000 689.6130548389922
672000 689.5974773953149
673000 689.5824192858805
674000 689.5678705754746
675000 689.5538214927558
676000 689.5402624277183
677000 689.5271839291864
678000 689.5145767023511
679000 689.5024316063381
680000 689.4907396518176
681000 689.4794919986474
682000 689.4686799535513
683000 689.4582949678284
684000 689.4483286351037
685000 689.4387726891057
686000 689.4296190014842
687000 689.4208595796513
688000 689.412486564665
689000 689.4044922291363
690000 689.3968689751723
691000 689.3896093323503
692000 689.3827059557188
693000 689.3761516238301
694000 689.3699392368081
695000 689.3640618144341
696000 689.35851249427
697000 689.3532845298109
698000 689.3483712886555
699000 689.3437662507141
700000 689.3394630064431
701000 689.3354552550976
702000 689.3317368030192
703000 689.3283015619485
704000 689.3251435473579
705000 689.3222568768152
706000 689.3196357683682
707000 689.31727453896
708000 689.3151676028552
709000 689.3133094701095
710000 689.3116947450441
711000 689.3103181247561
712000 689.3091743976395
713000 689.3082584419451
714000 689.3075652243442
715000 689.3070897985294
716000 689.3068273038263
717000 689.3067729638332
718000 689.306922085077
719000 689.3072700556925
720000 689.3078123441181
721000 689.3085444978209
722000 689.3094621420252
723000 689.3105609784768
724000 689.3118367842189
725000 689.3132854103836
726000 689.3149027810083
727000 689.316684891866
728000 689.3186278093167
729000 689.3207276691725
730000 689.3229806755836
731000 689.3253830999428
732000 689.3279312797983
733000 689.3306216177959
734000 689.3334505806242
735000 689.3364146979901
736000 689.3395105615955
737000 689.3427348241415
738000 689.3460841983418
739000 689.3495554559516
740000 689.3531454268182
741000 689.3568509979327
742000 689.3606691125133
743000 689.3645967690843
744000 689.3686310205891
745000 689.3727689734992
746000 689.3770077869515
747000 689.3813446718817
748000 689.3857768901962
749000 689.3903017539283
750000 689.3949166244311
751000 689.3996189115677
752000 689.4044060729207
753000 689.4092756130167
754000 689.4142250825539
755000 689.4192520776464
756000 689.4243542390883
757000 689.4295292516109
758000 689.4347748431718
759000 689.440088784238
760000 689.4454688870916
761000 689.4509130051412
762000 689.4564190322468
763000 689.4619849020503
764000 689.4676085873228
765000 689.4732880993165
766000 689.4790214871339
767000 689.4848068370932
768000 689.4906422721231
769000 689.4965259511513
770000 689.502456068507
771000 689.5084308533349
772000 689.51444856902
773000 689.5205075126123
774000 689.5266060142732
775000 689.5327424367199
776000 689.5389151746853
777000 689.5451226543823
778000 689.5513633329771
779000 689.5576356980745
780000 689.5639382672084
781000 689.5702695873364
782000 689.5766282343519
783000 689.5830128125939
784000 689.589421954372
785000 689.5958543194956
786000 689.6023085948075
787000 689.6087834937322
788000 689.6152777558272
789000 689.6217901463374
790000 689.6283194557652
791000 689.6348644994404
792000 689.6414241171
793000 689.647997172475
794000 689.6545825528785
795000 689.6611791688125
796000 689.6677859535632
797000 689.6744018628227
798000 689.6810258742959
799000 689.6876569873339
800000 689.6942942225568
801000 689.7009366214949
802000 689.7075832462207
803000 689.7142331790086
804000 689.7208855219781
805000 689.7275393967559
806000 689.7341939441354
807000 689.7408483237525
808000 689.7475017137551
809000 689.7541533104803
810000 689.7608023281473
811000 689.7674479985374
812000 689.7740895706954
813000 689.7807263106266
814000 689.7873575009993
815000 689.7939824408564
816000 689.8006004453289
817000 689.807210845354
818000 689.8138129873939
819000 689.8204062331691
820000 689.826989959388
821000 689.8335635574787
822000 689.8401264333346
823000 689.8466780070567
824000 689.8532177127009
825000 689.8597449980313
826000 689.8662593242781
827000 689.8727601658945
828000 689.8792470103264
829000 689.8857193577727
830000 689.892176720966
831000 689.89861862494
832000 689.9050446068153
833000 689.9114542155761
834000 689.9178470118624
835000 689.9242225677549
836000 689.9305804665704
837000 689.9369203026566
838000 689.9432416811941
839000 689.9495442179989
840000 689.9558275393275
841000 689.962091281685
842000 689.9683350916413
843000 689.9745586256437
844000 689.9807615498376
845000 689.9869435398864
846000 689.9931042807939
847000 689.9992434667377
848000 690.0053608008923
849000 690.0114559952683
850000 690.0175287705422
851000 690.0235788558995
852000 690.0296059888711
853000 690.035609915184
854000 690.0415903885981
855000 690.0475471707643
856000 690.0534800310656
857000 690.0593887464805
858000 690.0652731014335
859000 690.0711328876532
860000 690.076967904038
861000 690.0827779565125
862000 690.0885628578988
863000 690.0943224277777
864000 690.1000564923658
865000 690.1057648843824
866000 690.1114474429238
867000 690.1171040133403
868000 690.1227344471181
869000 690.1283386017512
870000 690.1339163406313
871000 690.1394675329276
872000 690.1449920534744
873000 690.15048978266
874000 690.1559606063163
875000 690.1614044156073
876000 690.1668211069275
877000 690.1722105817944
878000 690.1775727467442
879000 690.1829075132365
880000 690.188214797546
881000 690.1934945206733
882000 690.1987466082448
883000 690.2039709904158
884000 690.2091676017824
885000 690.214336381288
886000 690.2194772721317
887000 690.2245902216839
888000 690.2296751813939
889000 690.2347321067132
890000 690.2397609570004
891000 690.2447616954495
892000 690.2497342890041
893000 690.2546787082728
894000 690.2595949274629
895000 690.2644829242906
896000 690.2693426799151
897000 690.2741741788582
898000 690.2789774089365
899000 690.283752361182
900000 690.2884990297808
901000 690.2932174119977
902000 690.2979075081076
903000 690.3025693213325
904000 690.3072028577742
905000 690.3118081263475
906000 690.3163851387185
907000 690.3209339092426
908000 690.3254544549028
909000 690.3299467952481
910000 690.3344109523364
911000 690.3388469506742
912000 690.3432548171618
913000 690.3476345810355
914000 690.351986273811
915000 690.3563099292335
916000 690.3606055832216
917000 690.3648732738116
918000 690.3691130411148
919000 690.3733249272611
920000 690.3775089763485
921000 690.3816652343978
922000 690.3857937493007
923000 690.3898945707797
924000 690.3939677503355
925000 690.3980133412024
926000 690.402031398308
927000 690.4060219782261
928000 690.409985139132
929000 690.4139209407674
930000 690.4178294443893
931000 690.4217107127386
932000 690.4255648099962
933000 690.4293918017407
934000 690.4331917549147
935000 690.4369647377869
936000 690.4407108199101
937000 690.4444300720913
938000 690.4481225663526
939000 690.4517883758953
940000 690.4554275750675
941000 690.4590402393293
942000 690.4626264452186
943000 690.4661862703242
944000 690.4697197932434
945000 690.4732270935604
946000 690.4767082518125
947000 690.4801633494568
948000 690.483592468845
949000 690.4869956931917
950000 690.4903731065465
951000 690.4937247937661
952000 690.4970508404883
953000 690.5003513331026
954000 690.5036263587245
955000 690.5068760051714
956000 690.5101003609333
957000 690.5132995151545
958000 690.5164735576
959000 690.5196225786427
960000 690.5227466692282
961000 690.525845920859
962000 690.5289204255719
963000 690.5319702759125
964000 690.5349955649166
965000 690.5379963860838
966000 690.5409728333663
967000 690.5439250011372
968000 690.546852984177
969000 690.5497568776536
970000 690.552636777102
971000 690.5554927784054
972000 690.5583249777745
973000 690.5611334717335
974000 690.5639183571009
975000 690.5666797309707
976000 690.5694176906969
977000 690.5721323338736
978000 690.5748237583239
979000 690.5774920620814
980000 690.5801373433715
981000 690.5827597006011
982000 690.5853592323401
983000 690.5879360373071
984000 690.5904902143569
985000 690.5930218624661
986000 690.5955310807152
987000 690.5980179682808
988000 690.6004826244175
989000 690.602925148448
990000 690.6053456397507
991000 690.6077441977453
992000 690.6101209218782
993000 690.612475911619
994000 690.6148092664414
995000 690.6171210858134
996000 690.6194114691872
997000 690.6216805159896
998000 690.6239283256067
999000 690.6261549973825
1000000 690.6283606305964
1001000 690.630545324463
1002000 690.6327091781196
1003000 690.6348522906133
1004000 690.6369747608971
1005000 690.639076687819
1006000 690.6411581701109
1007000 690.6432193063824
1008000 690.6452601951127
1009000 690.6472809346396
1010000 690.6492816231535
1011000 690.6512623586906
1012000 690.6532232391216
1013000 690.6551643621505
1014000 690.6570858252994
1015000 690.6589877259066
1016000 690.6608701611203
1017000 690.6627332278869
1018000 690.6645770229495
1019000 690.6664016428393
1020000 690.6682071838688
1021000 690.6699937421263
1022000 690.6717614134739
1023000 690.6735102935318
1024000 690.6752404776814
1025000 690.67695206106
1026000 690.6786451385499
1027000 690.6803198047733
1028000 690.6819761540964
1029000 690.6836142806145
1030000 690.6852342781507
1031000 690.6868362402506
1032000 690.6884202601816
1033000 690.6899864309237
1034000 690.6915348451655
1035000 690.693065595304
1036000 690.6945787734375
1037000 690.696074471361
1038000 690.6975527805668
1039000 690.6990137922337
1040000 690.7004575972328
1041000 690.7018842861154
1042000 690.7032939491136
1043000 690.7046866761384
1044000 690.7060625567732
1045000 690.7074216802724
1046000 690.7087641355615
1047000 690.7100900112284
1048000 690.7113993955245
1049000 690.712692376361
1050000 690.7139690413077
1051000 690.7152294775891
1052000 690.7164737720832
1053000 690.7177020113173
1054000 690.7189142814674
1055000 690.7201106683573
1056000 690.7212912574535
1057000 690.7224561338649
1058000 690.7236053823422
1059000 690.7247390872761
1060000 690.7258573326914
1061000 690.7269602022506
1062000 690.7280477792489
1063000 690.729120146616
1064000 690.7301773869126
1065000 690.7312195823263
1066000 690.7322468146785
1067000 690.7332591654141
1068000 690.7342567156048
1069000 690.7352395459509
1070000 690.736207736773
1071000 690.7371613680166
1072000 690.7381005192498
1073000 690.7390252696653
1074000 690.7399356980724
1075000 690.7408318829036
1076000 690.7417139022094
1077000 690.7425818336609
1078000 690.7434357545474
1079000 690.7442757417753
1080000 690.7451018718709
1081000 690.7459142209758
1082000 690.7467128648486
1083000 690.7474978788657
1084000 690.7482693380199
1085000 690.7490273169212
1086000 690.7497718897938
1087000 690.750503130478
1088000 690.7512211124323
1089000 690.75192590873
1090000 690.7526175920584
1091000 690.7532962347245
1092000 690.7539619086489
1093000 690.7546146853701
1094000 690.755254636042
1095000 690.7558818314369
1096000 690.7564963419413
1097000 690.7570982375626
1098000 690.7576875879224
1099000 690.7582644622636
1100000 690.7588289294428
1101000 690.759381057941
1102000 690.7599209158536
1103000 690.7604485708994
1104000 690.7609640904145
1105000 690.7614675413574
1106000 690.7619589903079
1107000 690.7624385034668
1108000 690.7629061466594
1109000 690.7633619853326
1110000 690.7638060845552
1111000 690.7642385090264
1112000 690.7646593230642
1113000 690.7650685906157
1114000 690.7654663752553
1115000 690.7658527401841
1116000 690.7662277482319
1117000 690.7665914618582
1118000 690.7669439431511
1119000 690.7672852538311
1120000 690.7676154552496
1121000 690.7679346083897
1122000 690.7682427738717
1123000 690.7685400119476
1124000 690.7688263825063
1125000 690.7691019450724
1126000 690.7693667588087
1127000 690.7696208825154
1128000 690.7698643746337
1129000 690.7700972932452
1130000 690.7703196960758
1131000 690.7705316404865
1132000 690.7707331834907
1133000 690.7709243817424
1134000 690.7711052915437
1135000 690.771275968841
1136000 690.7714364692317
1137000 690.7715868479619
1138000 690.7717271599279
1139000 690.7718574596784
1140000 690.7719778014155
1141000 690.7720882389939
1142000 690.7721888259274
1143000 690.7722796153813
1144000 690.7723606601833
1145000 690.7724320128162
1146000 690.7724937254274
1147000 690.772545849822
1148000 690.7725884374696
1149000 690.7726215395043
1150000 690.7726452067258
1151000 690.7726594895985
1152000 690.7726644382559
1153000 690.7726601025018
1154000 690.7726465318087
1155000 690.7726237753207
1156000 690.7725918818574
1157000 690.7725508999093
1158000 690.7725008776471
1159000 690.7724418629136
1160000 690.7723739032333
1161000 690.7722970458088
1162000 690.7722113375261
1163000 690.7721168249498
1164000 690.7720135543299
1165000 690.7719015716028
1166000 690.7717809223882
1167000 690.7716516519985
1168000 690.7715138054298
1169000 690.7713674273716
1170000 690.7712125622033
1171000 690.7710492539994
1172000 690.7708775465276
1173000 690.7706974832521
1174000 690.7705091073357
1175000 690.7703124616355
1176000 690.7701075887114
1177000 690.7698945308251
1178000 690.7696733299399
1179000 690.7694440277238
1180000 690.7692066655502
1181000 690.7689612844973
1182000 690.7687079253541
1183000 690.7684466286172
1184000 690.7681774344937
1185000 690.7679003829053
1186000 690.7676155134855
1187000 690.7673228655827
1188000 690.7670224782628
1189000 690.7667143903069
1190000 690.7663986402182
1191000 690.766075266218
1192000 690.7657443062491
1193000 690.7654057979795
1194000 690.7650597788005
1195000 690.7647062858296
1196000 690.7643453559094
1197000 690.7639770256123
1198000 690.7636013312413
1199000 690.7632183088294
1200000 690.762827994144
1201000 690.762430422684
1202000 690.7620256296829
1203000 690.7616136501152
1204000 690.7611945186882
1205000 690.7607682698493
1206000 690.7603349377899
1207000 690.7598945564393
1208000 690.7594471594718
1209000 690.7589927803054
1210000 690.758531452104
1211000 690.7580632077779
1212000 690.7575880799868
1213000 690.7571061011396
1214000 690.7566173033969
1215000 690.7561217186706
1216000 690.7556193786266
1217000 690.7551103146841
1218000 690.7545945580207
1219000 690.7540721395704
1220000 690.7535430900263
1221000 690.7530074398392
1222000 690.752465219225
1223000 690.7519164581582
1224000 690.7513611863783
1225000 690.7507994333921
1226000 690.7502312284689
1227000 690.7496566006477
1228000 690.7490755787356
1229000 690.7484881913095
1230000 690.7478944667158
1231000 690.7472944330771
1232000 690.746688118288
1233000 690.7460755500167
1234000 690.745456755709
1235000 690.7448317625857
1236000 690.7442005976474
1237000 690.743563287676
1238000 690.7429198592304
1239000 690.7422703386559
1240000 690.7416147520786
1241000 690.7409531254077
1242000 690.7402854843405
1243000 690.7396118543595
1244000 690.7389322607379
1245000 690.7382467285317
1246000 690.7375552825946
1247000 690.7368579475661
1248000 690.7361547478802
1249000 690.7354457077645
1250000 690.7347308512431
1251000 690.7340102021325
1252000 690.7332837840495
1253000 690.7325516204061
1254000 690.7318137344147
1255000 690.731070149089
1256000 690.7303208872423
1257000 690.7295659714949
1258000 690.7288054242639
1259000 690.7280392677768
1260000 690.7272675240634
1261000 690.7264902149624
1262000 690.72570736212
1263000 690.7249189869907
1264000 690.7241251108402
1265000 690.7233257547435
1266000 690.7225209395907
1267000 690.7217106860813
1268000 690.720895014734
1269000 690.7200739458763
1270000 690.719247499658
1271000 690.7184156960438
1272000 690.7175785548153
1273000 690.7167360955767
1274000 690.7158883377494
1275000 690.7150353005794
1276000 690.7141770031322
1277000 690.7133134642978
1278000 690.7124447027887
1279000 690.7115707371473
1280000 690.7106915857386
1281000 690.709807266755
1282000 690.708917798219
1283000 690.7080231979797
1284000 690.7071234837183
1285000 690.7062186729476
1286000 690.7053087830078
1287000 690.7043938310798
1288000 690.7034738341719
1289000 690.7025488091297
1290000 690.7016187726326
1291000 690.7006837412002
1292000 690.6997437311873
1293000 690.698798758787
1294000 690.697848840032
1295000 690.6968939907961
1296000 690.6959342267926
1297000 690.6949695635791
1298000 690.6940000165524
1299000 690.6930256009575
1300000 690.6920463318806
1301000 690.6910622242557
1302000 690.6900732928599
1303000 690.6890795523212
1304000 690.6880810171126
1305000 690.687077701558
1306000 690.686069619831
1307000 690.6850567859533
1308000 690.6840392138005
1309000 690.6830169170995
1310000 690.6819899094305
1311000 690.6809582042255
1312000 690.6799218147744
1313000 690.6788807542185
1314000 690.6778350355598
1315000 690.6767846716531
1316000 690.6757296752118
1317000 690.6746700588118
1318000 690.673605834882
1319000 690.672537015716
1320000 690.6714636134665
1321000 690.670385640146
1322000 690.6693031076361
1323000 690.6682160276717
1324000 690.6671244118575
1325000 690.6660282716623
1326000 690.6649276184195
1327000 690.663822463327
1328000 690.6627128174529
1329000 690.6615986917284
1330000 690.6604800969561
1331000 690.6593570438067
1332000 690.6582295428188
1333000 690.6570976044044
1334000 690.6559612388421
1335000 690.6548204562866
1336000 690.653675266763
1337000 690.6525256801671
1338000 690.6513717062737
1339000 690.650213354725
1340000 690.649050635043
1341000 690.6478835566239
1342000 690.6467121287419
1343000 690.6455363605453
1344000 690.6443562610617
1345000 690.6431718391963
1346000 690.6419831037333
1347000 690.6407900633353
1348000 690.6395927265471
1349000 690.638391101793
1350000 690.6371851973802
1351000 690.6359750214947
1352000 690.6347605822068
1353000 690.6335418874711
1354000 690.6323189451226
1355000 690.6310917628858
1356000 690.6298603483652
1357000 690.6286247090528
1358000 690.6273848523282
1359000 690.6261407854546
1360000 690.6248925155853
1361000 690.6236400497571
1362000 690.6223833949003
1363000 690.6211225578305
1364000 690.6198575452568
1365000 690.6185883637737
1366000 690.617315019868
1367000 690.6160375199186
1368000 690.6147558701944
1369000 690.6134700768595
1370000 690.6121801459659
1371000 690.6108860834634
1372000 690.6095878951921
1373000 690.6082855868881
1374000 690.6069791641818
1375000 690.6056686325993
1376000 690.6043539975642
1377000 690.6030352643921
1378000 690.6017124382987
1379000 690.6003855243947
1380000 690.5990545276902
1381000 690.5977194530932
1382000 690.5963803054084
1383000 690.5950370893439
1384000 690.5936898095041
1385000 690.592338470395
1386000 690.5909830764225
1387000 690.5896236318912
1388000 690.5882601410111
1389000 690.5868926078939
1390000 690.585521036548
1391000 690.5841454308932
1392000 690.5827657947464
1393000 690.5813821318305
1394000 690.5799944457726
1395000 690.5786027401003
1396000 690.5772070182525
1397000 690.5758072835682
1398000 690.5744035392977
1399000 690.5729957885915
1400000 690.5715840345101
1401000 690.5701682800201
1402000 690.5687485279955
1403000 690.567324781219
1404000 690.56589704238
1405000 690.5644653140769
1406000 690.5630295988176
1407000 690.5615898990204
1408000 690.5601462170088
1409000 690.5586985550224
1410000 690.5572469152075
1411000 690.5557912996223
1412000 690.5543317102354
1413000 690.5528681489266
1414000 690.5514006174905
1415000 690.549929117631
1416000 690.5484536509651
1417000 690.546974219024
1418000 690.5454908232496
1419000 690.5440034649996
1420000 690.5425121455464
1421000 690.5410168660743
1422000 690.5395176276845
1423000 690.5380144313892
1424000 690.5365072781217
1425000 690.5349961687258
1426000 690.5334811039645
1427000 690.531962084514
1428000 690.5304391109706
1429000 690.5289121838425
1430000 690.5273813035593
1431000 690.5258464704676
1432000 690.5243076848285
1433000 690.5227649468243
1434000 690.5212182565548
1435000 690.5196676140372
1436000 690.5181130192082
1437000 690.5165544719245
1438000 690.5149919719596
1439000 690.5134255190117
1440000 690.511855112692
1441000 690.5102807525365
1442000 690.5087024380019
1443000 690.5071201684633
1444000 690.505533943218
1445000 690.5039437614839
1446000 690.5023496224023
1447000 690.5007515250318
1448000 690.4991494683567
1449000 690.4975434512818
1450000 690.4959334726371
1451000 690.4943195311716
1452000 690.4927016255584
1453000 690.4910797543951
1454000 690.4894539161996
1455000 690.4878241094176
1456000 690.4861903324144
1457000 690.4845525834804
1458000 690.482910860833
1459000 690.4812651626091
1460000 690.4796154868751
1461000 690.477961831619
1462000 690.476304194756
1463000 690.4746425741232
1464000 690.4729769674869
1465000 690.471307372535
1466000 690.4696337868846
1467000 690.4679562080794
1468000 690.4662746335853
1469000 690.464589060795
1470000 690.4628994870319
1471000 690.4612059095415
1472000 690.4595083255001
1473000 690.4578067320074
1474000 690.4561011260917
1475000 690.4543915047076
1476000 690.4526778647403
1477000 690.450960202999
1478000 690.4492385162238
1479000 690.44751280108
1480000 690.4457830541627
1481000 690.4440492719933
1482000 690.4423114510257
1483000 690.440569587637
1484000 690.4388236781357
1485000 690.4370737187605
1486000 690.4353197056765
1487000 690.4335616349795
1488000 690.4317995026921
1489000 690.430033304769
1490000 690.4282630370926
1491000 690.4264886954752
1492000 690.4247102756597
1493000 690.4229277733169
1494000 690.4211411840489
1495000 690.4193505033876
1496000 690.417555726794
1497000 690.4157568496602
1498000 690.4139538673089
1499000 690.4121467749925
1500000 690.4103355678941
1501000 690.4085202411264
1502000 690.4067007897348
1503000 690.4048772086932
1504000 690.4030494929077
1505000 690.4012176372147
1506000 690.39938163638
1507000 690.3975414851059
1508000 690.3956971780195
1509000 690.393848709683
1510000 690.3919960745883
1511000 690.3901392671573
1512000 690.3882782817459
1513000 690.3864131126419
1514000 690.3845437540616
1515000 690.3826702001538
1516000 690.3807924449994
1517000 690.3789104826112
1518000 690.3770243069342
1519000 690.3751339118443
1520000 690.3732392911481
1521000 690.3713404385852
1522000 690.3694373478286
1523000 690.36753001248
1524000 690.3656184260748
1525000 690.3637025820815
1526000 690.3617824738983
1527000 690.3598580948566
1528000 690.3579294382181
1529000 690.3559964971801
1530000 690.3540592648689
1531000 690.3521177343437
1532000 690.3501718985962
1533000 690.3482217505494
1534000 690.3462672830595
1535000 690.3443084889142
1536000 690.342345360832
1537000 690.3403778914687
1538000 690.3384060734026
1539000 690.3364298991526
1540000 690.334449361167
1541000 690.3324644518259
1542000 690.3304751634404
1543000 690.3284814882555
1544000 690.3264834184491
1545000 690.3244809461277
1546000 690.3224740633319
1547000 690.3204627620335
1548000 690.3184470341382
1549000 690.3164268714801
1550000 690.3144022658278
1551000 690.3123732088825
1552000 690.3103396922733
1553000 690.308301707565
1554000 690.3062592462524
1555000 690.304212299761
1556000 690.3021608594502
1557000 690.3001049166091
1558000 690.2980444624604
1559000 690.295979488154
1560000 690.2939099847765
1561000 690.2918359433417
1562000 690.2897573547954
1563000 690.287674210018
1564000 690.2855864998174
1565000 690.2834942149335
1566000 690.2813973460384
1567000 690.279295883732
1568000 690.277189818548
1569000 690.2750791409507
1570000 690.272963841333
1571000 690.2708439100195
1572000 690.268719337266
1573000 690.2665901132583
1574000 690.2644562281132
1575000 690.2623176718749
1576000 690.2601744345196
1577000 690.2580265059572
1578000 690.2558738760206
1579000 690.2537165344769
1580000 690.251554471021
1581000 690.2493876752793
1582000 690.2472161368071
1583000 690.2450398450856
1584000 690.2428587895315
1585000 690.240672959486
1586000 690.2384823442203
1587000 690.2362869329347
1588000 690.2340867147593
1589000 690.2318816787516
1590000 690.2296718138964
1591000 690.2274571091094
1592000 690.2252375532349
1593000 690.2230131350415
1594000 690.2207838432302
1595000 690.2185496664251
1596000 690.2163105931824
1597000 690.2140666119822
1598000 690.2118177112351
1599000 690.2095638792746
1600000 690.2073051043676
1601000 690.2050413747028
1602000 690.2027726783953
1603000 690.2004990034901
1604000 690.1982203379557
1605000 690.1959366696891
1606000 690.1936479865115
1607000 690.1913542761692
1608000 690.1890555263386
1609000 690.1867517246159
1610000 690.1844428585266
1611000 690.1821289155182
1612000 690.1798098829659
1613000 690.1774857481682
1614000 690.1751564983488
1615000 690.1728221206537
1616000 690.1704826021561
1617000 690.1681379298511
1618000 690.1657880906583
1619000 690.16343307142
1620000 690.1610728589031
1621000 690.1587074397959
1622000 690.1563368007107
1623000 690.153960928182
1624000 690.151579808668
1625000 690.1491934285436
1626000 690.1468017741172
1627000 690.1444048316055
1628000 690.142002587157
1629000 690.1395950268349
1630000 690.1371821366265
1631000 690.1347639024393
1632000 690.1323403101012
1633000 690.12991134536
1634000 690.1274769938851
1635000 690.1250372412642
1636000 690.122592073004
1637000 690.1201414745325
1638000 690.1176854311939
1639000 690.1152239282545
1640000 690.1127569508959
1641000 690.1102844842202
1642000 690.1078065132457
1643000 690.1053230229103
1644000 690.1028339980662
1645000 690.100339423487
1646000 690.0978392838598
1647000 690.0953335637882
1648000 690.0928222477928
1649000 690.0903053203114
1650000 690.0877827656951
1651000 690.0852545682135
1652000 690.0827207120453
1653000 690.0801811812914
1654000 690.0776359599598
1655000 690.0750850319796
1656000 690.0725283811882
1657000 690.0699659913395
1658000 690.0673978460991
1659000 690.0648239290452
1660000 690.06224422367
1661000 690.0596587133755
1662000 690.0570673814783
1663000 690.0544702112045
1664000 690.0518671856905
1665000 690.0492582879886
1666000 690.0466435010522
1667000 690.0440228077531
1668000 690.0413961908702
1669000 690.0387636330896
1670000 690.0361251170098
1671000 690.0334806251362
1672000 690.0308301398819
1673000 690.0281736435701
1674000 690.0255111184282
1675000 690.022842546593
1676000 690.0201679101069
1677000 690.0174871909211
1678000 690.0148003708897
1679000 690.0121074317734
1680000 690.0094083552382
1681000 690.0067031228551
1682000 690.0039917161
1683000 690.0012741163515
1684000 689.9985503048911
1685000 689.9958202629062
1686000 689.9930839714855
1687000 689.990341411618
1688000 689.9875925642
1689000 689.9848374100198
1690000 689.9820759297772
1691000 689.9793081040649
1692000 689.9765339133799
1693000 689.9737533381176
1694000 689.9709663585725
1695000 689.968172954938
1696000 689.9653731073063
1697000 689.9625667956661
1698000 689.9597539999046
1699000 689.956934699805
1700000 689.9541088750489
1701000 689.9512765052124
1702000 689.9484375697665
1703000 689.9455920480781
1704000 689.9427399194087
1705000 689.9398811629135
1706000 689.9370157576415
1707000 689.934143682534
1708000 689.9312649164259
1709000 689.9283794380437
1710000 689.9254872260051
1711000 689.9225882588183
1712000 689.9196825148833
1713000 689.9167699724886
1714000 689.9138506098134
1715000 689.9109244049258
1716000 689.9079913357799
1717000 689.9050513802214
1718000 689.9021045159793
1719000 689.8991507206719
1720000 689.8961899718026
1721000 689.893222246761
1722000 689.8902475228202
1723000 689.8872657771389
1724000 689.8842769867612
1725000 689.8812811286103
1726000 689.8782781794963
1727000 689.8752681161092
1728000 689.8722509150195
1729000 689.8692265526824
1730000 689.8661950054302
1731000 689.8631562494743
1732000 689.8601102609076
1733000 689.8570570156993
1734000 689.8539964896994
1735000 689.850928658631
1736000 689.8478534980978
1737000 689.8447709835765
1738000 689.8416810904193
1739000 689.8385837938529
1740000 689.8354790689829
1741000 689.8323668907813
1742000 689.8292472340963
1743000 689.8261200736459
1744000 689.822985384023
1745000 689.8198431396875
1746000 689.8166933149705
1747000 689.813535884073
1748000 689.8103708210638
1749000 689.8071980998798
1750000 689.8040176943254
1751000 689.8008295780697
1752000 689.797633724649
1753000 689.7944301074654
1754000 689.7912186997817
1755000 689.7879994747293
1756000 689.7847724052976
1757000 689.7815374643397
1758000 689.7782946245717
1759000 689.7750438585676
1760000 689.7717851387624
1761000 689.7685184374495
1762000 689.7652437267815
1763000 689.7619609787665
1764000 689.7586701652709
1765000 689.7553712580175
1766000 689.7520642285795
1767000 689.7487490483895
1768000 689.7454256887299
1769000 689.7420941207388
1770000 689.7387543154033
1771000 689.7354062435619
1772000 689.7320498759049
1773000 689.7286851829695
1774000 689.7253121351424
1775000 689.7219307026573
1776000 689.7185408555944
1777000 689.7151425638795
1778000 689.7117357972837
1779000 689.708320525421
1780000 689.7048967177502
1781000 689.7014643435698
1782000 689.6980233720216
1783000 689.6945737720865
1784000 689.6911155125846
1785000 689.6876485621756
1786000 689.684172889354
1787000 689.6806884624541
1788000 689.6771952496448
1789000 689.6736932189281
1790000 689.6701823381401
1791000 689.6666625749509
1792000 689.663133896859
1793000 689.6595962712
1794000 689.6560496651311
1795000 689.6524940456441
1796000 689.6489293795546
1797000 689.6453556335086
1798000 689.6417727739737
1799000 689.6381807672437
1800000 689.6345795794367
1801000 689.6309691764926
1802000 689.6273495241699
1803000 689.6237205880528
1804000 689.6200823335403
1805000 689.6164347258507
1806000 689.6127777300175
1807000 689.6091113108948
1808000 689.6054354331471
1809000 689.6017500612546
1810000 689.5980551595069
1811000 689.5943506920096
1812000 689.5906366226739
1813000 689.5869129152223
1814000 689.5831795331857
1815000 689.5794364398981
1816000 689.5756835985044
1817000 689.5719209719493
1818000 689.5681485229808
1819000 689.5643662141518
1820000 689.5605740078119
1821000 689.556771866112
1822000 689.5529597510001
1823000 689.5491376242217
1824000 689.5453054473173
1825000 689.5414631816234
1826000 689.5376107882659
1827000 689.5337482281645
1828000 689.5298754620294
1829000 689.5259924503587
1830000 689.5220991534377
1831000 689.5181955313394
1832000 689.514281543921
1833000 689.5103571508232
1834000 689.5064223114694
1835000 689.5024769850618
1836000 689.4985211305842
1837000 689.4945547067972
1838000 689.4905776722385
1839000 689.4865899852185
1840000 689.4825916038258
1841000 689.4785824859166
1842000 689.4745625891195
1843000 689.4705318708329
1844000 689.4664902882222
1845000 689.4624377982177
1846000 689.4583743575165
1847000 689.4542999225778
1848000 689.4502144496214
1849000 689.4461178946286
1850000 689.4420102133392
1851000 689.4378913612494
1852000 689.4337612936087
1853000 689.4296199654215
1854000 689.425467331447
1855000 689.4213033461892
1856000 689.417127963906
1857000 689.4129411385975
1858000 689.4087428240118
1859000 689.4045329736426
1860000 689.4003115407206
1861000 689.3960784782204
1862000 689.3918337388535
1863000 689.3875772750682
1864000 689.3833090390494
1865000 689.3790289827117
1866000 689.3747370577038
1867000 689.3704332154036
1868000 689.3661174069159
1869000 689.3617895830695
1870000 689.3574496944206
1871000 689.3530976912448
1872000 689.3487335235412
1873000 689.3443571410224
1874000 689.3399684931219
1875000 689.3355675289856
1876000 689.3311541974708
1877000 689.3267284471469
1878000 689.3222902262917
1879000 689.3178394828876
1880000 689.3133761646241
1881000 689.3089002188922
1882000 689.3044115927827
1883000 689.2999102330838
1884000 689.2953960862815
1885000 689.2908690985564
1886000 689.2863292157795
1887000 689.2817763835102
1888000 689.2772105469996
1889000 689.2726316511805
1890000 689.2680396406699
1891000 689.2634344597685
1892000 689.2588160524527
1893000 689.2541843623743
1894000 689.249539332864
1895000 689.244880906919
1896000 689.24020902721
1897000 689.2355236360733
1898000 689.2308246755103
1899000 689.2261120871851
1900000 689.2213858124206
1901000 689.2166457921999
1902000 689.2118919671591
1903000 689.2071242775879
1904000 689.2023426634256
1905000 689.1975470642611
1906000 689.1927374193253
1907000 689.187913667494
1908000 689.1830757472832
1909000 689.1782235968451
1910000 689.1733571539676
1911000 689.168476356071
1912000 689.1635811402039
1913000 689.158671443044
1914000 689.1537472008903
1915000 689.1488083496649
1916000 689.1438548249064
1917000 689.1388865617728
1918000 689.1339034950328
1919000 689.1289055590647
1920000 689.1238926878561
1921000 689.1188648149962
1922000 689.1138218736776
1923000 689.1087637966912
1924000 689.1036905164232
1925000 689.0986019648519
1926000 689.0934980735464
1927000 689.0883787736605
1928000 689.0832439959329
1929000 689.0780936706818
1930000 689.0729277278015
1931000 689.0677460967618
1932000 689.0625487066034
1933000 689.057335485932
1934000 689.0521063629214
1935000 689.0468612653045
1936000 689.0416001203693
1937000 689.0363228549637
1938000 689.031029395483
1939000 689.0257196678687
1940000 689.0203935976082
1941000 689.0150511097306
1942000 689.0096921288014
1943000 689.0043165789191
1944000 688.9989243837116
1945000 688.9935154663349
1946000 688.9880897494677
1947000 688.9826471553066
1948000 688.9771876055634
1949000 688.9717110214636
1950000 688.9662173237382
1951000 688.9607064326243
1952000 688.9551782678583
1953000 688.949632748674
1954000 688.944069793795
1955000 688.9384893214373
1956000 688.9328912492974
1957000 688.9272754945565
1958000 688.9216419738686
1959000 688.9159906033623
1960000 688.9103212986348
1961000 688.9046339747435
1962000 688.8989285462101
1963000 688.8932049270113
1964000 688.8874630305712
1965000 688.8817027697646
1966000 688.8759240569076
1967000 688.8701268037544
1968000 688.8643109214933
1969000 688.8584763207402
1970000 688.8526229115381
1971000 688.8467506033458
1972000 688.8408593050426
1973000 688.8349489249156
1974000 688.8290193706576
1975000 688.8230705493623
1976000 688.8171023675219
1977000 688.8111147310184
1978000 688.8051075451172
1979000 688.7990807144731
1980000 688.7930341431107
1981000 688.7869677344272
1982000 688.7808813911879
1983000 688.7747750155181
1984000 688.7686485088994
1985000 688.7625017721648
1986000 688.7563347054888
1987000 688.7501472083912
1988000 688.7439391797235
1989000 688.7377105176676
1990000 688.7314611197268
1991000 688.725190882725
1992000 688.7188997027945
1993000 688.7125874753784
1994000 688.7062540952195
1995000 688.6998994563534
1996000 688.6935234521085
1997000 688.6871259750917
1998000 688.6807069171921
1999000 688.674266169567
2000000 688.6678036226385
2001000 688.6613191660891
2002000 688.6548126888525
2003000 688.6482840791109
2004000 688.6417332242835
2005000 688.635160011024
2006000 688.6285643252157
2007000 688.62194605196
2008000 688.6153050755718
2009000 688.6086412795735
2010000 688.6019545466875
2011000 688.5952447588312
2012000 688.5885117971073
2013000 688.5817555417992
2014000 688.5749758723605
2015000 688.5681726674143
2016000 688.5613458047368
2017000 688.554495161259
2018000 688.5476206130555
2019000 688.5407220353355
2020000 688.5337993024376
2021000 688.5268522878208
2022000 688.5198808640588
2023000 688.5128849028288
2024000 688.5058642749084
2025000 688.4988188501644
2026000 688.4917484975442
2027000 688.4846530850723
2028000 688.4775324798353
2029000 688.4703865479793
2030000 688.4632151546989
2031000 688.4560181642298
2032000 688.4487954398408
2033000 688.4415468438218
2034000 688.4342722374809
2035000 688.4269714811296
2036000 688.4196444340785
2037000 688.4122909546252
2038000 688.404910900047
2039000 688.3975041265905
2040000 688.3900704894662
2041000 688.3826098428331
2042000 688.3751220397908
2043000 688.367606932375
2044000 688.3600643715422
2045000 688.3524942071612
2046000 688.3448962880044
2047000 688.3372704617377
2048000 688.3296165749093
2049000 688.3219344729396
2050000 688.3142240001126
2051000 688.3064849995629
2052000 688.2987173132683
2053000 688.290920782033
2054000 688.2830952454868
2055000 688.275240542063
2056000 688.2673565089973
2057000 688.2594429823087
2058000 688.2514997967941
2059000 688.2435267860125
2060000 688.2355237822755
2061000 688.2274906166374
2062000 688.2194271188786
2063000 688.2113331174991
2064000 688.2032084397024
2065000 688.1950529113852
2066000 688.1868663571249
2067000 688.1786486001656
2068000 688.1703994624086
2069000 688.1621187643958
2070000 688.1538063253004
2071000 688.1454619629105
2072000 688.1370854936188
2073000 688.1286767324068
2074000 688.1202354928339
2075000 688.1117615870214
2076000 688.1032548256383
2077000 688.0947150178908
2078000 688.086141971503
2079000 688.0775354927088
2080000 688.068895386232
2081000 688.060221455274
2082000 688.0515135014987
2083000 688.0427713250159
2084000 688.0339947243721
2085000 688.025183496525
2086000 688.0163374368386
2087000 688.0074563390594
2088000 687.9985399953049
2089000 687.9895881960449
2090000 687.9806007300893
2091000 687.9715773845651
2092000 687.9625179449066
2093000 687.9534221948339
2094000 687.9442899163388
2095000 687.9351208896633
2096000 687.9259148932885
2097000 687.9166717039082
2098000 687.9073910964213
2099000 687.8980728439075
2100000 687.8887167176069
2101000 687.8793224869054
2102000 687.8698899193171
2103000 687.8604187804597
2104000 687.8509088340412
2105000 687.8413598418384
2106000 687.8317715636737
2107000 687.8221437573997
2108000 687.8124761788764
2109000 687.802768581954
2110000 687.7930207184471
2111000 687.7832323381162
2112000 687.773403188649
2113000 687.763533015636
2114000 687.7536215625465
2115000 687.743668570712
2116000 687.7336737793017
2117000 687.7236369252965
2118000 687.7135577434724
2119000 687.7034359663721
2120000 687.6932713242848
2121000 687.6830635452185
2122000 687.6728123548794
2123000 687.6625174766498
2124000 687.652178631554
2125000 687.6417955382458
2126000 687.6313679129739
2127000 687.6208954695597
2128000 687.6103779193709
2129000 687.5998149712943
2130000 687.5892063317118
2131000 687.5785517044711
2132000 687.56785079086
2133000 687.5571032895757
2134000 687.5463088966987
2135000 687.535467305668
2136000 687.5245782072468
2137000 687.5136412894933
2138000 687.5026562377361
2139000 687.4916227345398
2140000 687.4805404596783
2141000 687.4694090900983
2142000 687.4582282998981
2143000 687.4469977602821
2144000 687.4357171395434
2145000 687.4243861030225
2146000 687.4130043130764
2147000 687.401571429044
2148000 687.3900871072185
2149000 687.3785510008066
2150000 687.3669627598928
2151000 687.3553220314125
2152000 687.34362845911
2153000 687.3318816835048
2154000 687.3200813418529
2155000 687.3082270681128
2156000 687.2963184929066
2157000 687.2843552434803
2158000 687.2723369436678
2159000 687.2602632138528
2160000 687.2481336709242
2161000 687.2359479282406
2162000 687.2237055955899
2163000 687.2114062791401
2164000 687.199049581411
2165000 687.1866351012193
2166000 687.1741624336421
2167000 687.1616311699725
2168000 687.1490408976758
2169000 687.1363912003404
2170000 687.1236816576355
2171000 687.1109118452677
2172000 687.0980813349299
2173000 687.0851896942556
2174000 687.0722364867705
2175000 687.0592212718445
2176000 687.0461436046388
2177000 687.0330030360631
2178000 687.0197991127145
2179000 687.0065313768374
2180000 686.9931993662585
2181000 686.9798026143465
2182000 686.9663406499458
2183000 686.9528129973346
2184000 686.9392191761574
2185000 686.9255587013761
2186000 686.91183108321
2187000 686.8980358270791
2188000 686.8841724335463
2189000 686.8702403982536
2190000 686.8562392118644
2191000 686.8421683600037
2192000 686.8280273231933
2193000 686.8138155767867
2194000 686.7995325909093
2195000 686.7851778303923
2196000 686.7707507547022
2197000 686.7562508178802
2198000 686.7416774684665
2199000 686.7270301494383
2200000 686.7123082981378
2201000 686.6975113461942
2202000 686.6826387194623
2203000 686.6676898379378
2204000 686.6526641156942
2205000 686.6375609607959
2206000 686.6223797752286
2207000 686.6071199548188
2208000 686.5917808891553
2209000 686.576361961507
2210000 686.5608625487426
2211000 686.5452820212466
2212000 686.5296197428369
2213000 686.5138750706742
2214000 686.4980473551816
2215000 686.4821359399526
2216000 686.4661401616593
2217000 686.4500593499675
2218000 686.4338928274358
2219000 686.41763990943
2220000 686.4012999040189
2221000 686.3848721118843
2222000 686.3683558262206
2223000 686.3517503326315
2224000 686.3350549090311
2225000 686.318268825538
2226000 686.3013913443727
2227000 686.28442171975
2228000 686.2673591977677
2229000 686.2502030163008
2230000 686.2329524048849
2231000 686.2156065846046
2232000 686.1981647679785
2233000 686.180626158836
2234000 686.1629899522064
2235000 686.1452553341863
2236000 686.1274214818251
2237000 686.1094875629972
2238000 686.0914527362692
2239000 686.0733161507716
2240000 686.0550769460734
2241000 686.0367342520361
2242000 686.0182871886853
2243000 685.999734866072
2244000 685.9810763841231
2245000 685.9623108325071
2246000 685.9434372904811
2247000 685.9244548267429
2248000 685.9053624992837
2249000 685.886159355229
2250000 685.8668444306851
2251000 685.8474167505792
2252000 685.8278753284959
2253000 685.8082191665142
2254000 685.7884472550364
2255000 685.768558572622
2256000 685.7485520858116
2257000 685.7284267489438
2258000 685.7081815039901
2259000 685.6878152803555
2260000 685.6673269947038
2261000 685.6467155507609
2262000 685.6259798391245
2263000 685.6051187370667
2264000 685.5841311083356
2265000 685.5630158029485
2266000 685.5417716569857
2267000 685.5203974923812
2268000 685.4988921167052
2269000 685.4772543229451
2270000 685.4554828892835
2271000 685.4335765788713
2272000 685.4115341395964
2273000 685.3893543038447
2274000 685.3670357882675
2275000 685.3445772935295
2276000 685.321977504062
2277000 685.2992350878131
2278000 685.2763486959859
2279000 685.2533169627739
2280000 685.2301385050963
2281000 685.2068119223222
2282000 685.1833357959927
2283000 685.1597086895376
2284000 685.1359291479869
2285000 685.1119956976746
2286000 685.0879068459363
2287000 685.0636610808081
2288000 685.0392568707109
2289000 685.0146926641327
2290000 684.9899668893022
2291000 684.9650779538628
2292000 684.9400242445314
2293000 684.9148041267557
2294000 684.8894159443646
2295000 684.863858019206
2296000 684.8381286507889
2297000 684.8122261159045
2298000 684.7861486682524
2299000 684.7598945380511
2300000 684.7334619316423
2301000 684.7068490310866
2302000 684.6800539937567
2303000 684.6530749519187
2304000 684.6259100122958
2305000 684.5985572556407
2306000 684.5710147362861
2307000 684.5432804816882
2308000 684.5153524919627
2309000 684.4872287394187
2310000 684.4589071680616
2311000 684.4303856931102
2312000 684.4016622004854
2313000 684.3727345463017
2314000 684.3436005563343
2315000 684.3142580254885
2316000 684.2847047172487
2317000 684.2549383631149
2318000 684.2249566620394
2319000 684.1947572798322
2320000 684.1643378485712
2321000 684.1336959659928
2322000 684.1028291948636
2323000 684.0717350623456
2324000 684.040411059351
2325000 684.0088546398672
2326000 683.9770632202893
2327000 683.9450341787124
2328000 683.9127648542338
2329000 683.8802525462193
2330000 683.8474945135663
2331000 683.8144879739417
2332000 683.7812301030068
2333000 683.7477180336248
2334000 683.71394885505
2335000 683.6799196120967
2336000 683.6456273042918
2337000 683.6110688850068
2338000 683.5762412605682
2339000 683.541141289347
2340000 683.5057657808379
2341000 683.4701114946953
2342000 683.4341751397709
2343000 683.3979533731084
2344000 683.3614427989297
2345000 683.3246399675855
2346000 683.2875413744923
2347000 683.250143459034
2348000 683.2124426034422
2349000 683.174435131647
2350000 683.1361173081057
2351000 683.0974853365967
2352000 683.0585353589851
2353000 683.0192634539641
2354000 682.9796656357527
2355000 682.9397378527814
2356000 682.8994759863258
2357000 682.8588758491123
2358000 682.8179331839003
2359000 682.7766436620103
2360000 682.7350028818284
2361000 682.6930063672698
2362000 682.6506495662022
2363000 682.6079278488271
2364000 682.564836506026
2365000 682.5213707476531
2366000 682.4775257008042
2367000 682.4332964080171
2368000 682.3886778254372
2369000 682.3436648209389
2370000 682.29825217219
2371000 682.2524345646693
2372000 682.2062065896316
2373000 682.1595627420105
2374000 682.112497418286
2375000 682.0650049142693
2376000 682.0170794228496
2377000 681.9687150316639
2378000 681.9199057207152
2379000 681.8706453599182
2380000 681.8209277065846
2381000 681.77074640283
2382000 681.7200949729215
2383000 681.6689668205365
2384000 681.6173552259646
2385000 681.5652533432092
2386000 681.5126541970243
2387000 681.4595506798632
2388000 681.4059355487336
2389000 681.351801421972
2390000 681.2971407759258
2391000 681.2419459415306
2392000 681.1862091007935
2393000 681.1299222831829
2394000 681.0730773618997
2395000 681.0156660500426
2396000 680.9576798966674
2397000 680.8991102827224
2398000 680.839948416862
2399000 680.7801853311438
2400000 680.7198118765848
2401000 680.6588187185941
2402000 680.5971963322556
2403000 680.534934997484
2404000 680.4720247940102
2405000 680.4084555962312
2406000 680.3442170678898
2407000 680.2792986565923
2408000 680.2136895881557
2409000 680.1473788607746
2410000 680.080355239004
2411000 680.0126072475557
2412000 679.9441231648887
2413000 679.8748910165993
2414000 679.8048985685997
2415000 679.7341333200693
2416000 679.6625824961802
2417000 679.5902330405836
2418000 679.5170716076449
2419000 679.4430845544324
2420000 679.3682579324245
2421000 679.2925774789506
2422000 679.2160286083364
2423000 679.1385964027552
2424000 679.0602656027614
2425000 678.9810205975077
2426000 678.9008454146194
2427000 678.8197237097156
2428000 678.7376387555771
2429000 678.6545734309201
2430000 678.5705102087894
2431000 678.4854311445285
2432000 678.3993178633258
2433000 678.3121515473143
2434000 678.2239129222094
2435000 678.1345822434563
2436000 678.0441392818769
2437000 677.9525633087875
2438000 677.8598330805669
2439000 677.765926822657
2440000 677.6708222129575
2441000 677.5744963646027
2442000 677.4769258080863
2443000 677.3780864727026
2444000 677.277953667278
2445000 677.1765020601706
2446000 677.0737056584737
2447000 676.9695377864308
2448000 676.8639710629884
2449000 676.7569773784699
2450000 676.6485278703146
2451000 676.5385928978533
2452000 676.4271420160673
2453000 676.3141439482753
2454000 676.1995665577206
2455000 676.0833768179772
2456000 675.9655407821399
2457000 675.8460235507293
2458000 675.7247892382551
2459000 675.601800938363
2460000 675.4770206875063
2461000 675.350409427062
2462000 675.221926963813
2463000 675.091531928721
2464000 674.9591817338952
2465000 674.8248325276695
2466000 674.6884391476887
2467000 674.5499550719081
2468000 674.4093323673775
2469000 674.2665216367236
2470000 674.1214719621796
2471000 673.9741308470493
2472000 673.8244441544642
2473000 673.6723560432821
2474000 673.5178089009781
2475000 673.3607432733576
2476000 673.2010977909189
2477000 673.0388090916763
2478000 672.8738117402471
2479000 672.7060381429915
2480000 672.5354184589758
2481000 672.3618805065207
2482000 672.1853496650856
2483000 672.0057487722057
2484000 671.822998015195
2485000 671.637014817312
2486000 671.4477137180417
2487000 671.2550062471523
2488000 671.0588007921359
2489000 670.8590024586517
2490000 670.6555129235005
2491000 670.448230279697
2492000 670.2370488731315
2493000 670.0218591302864
2494000 669.8025473764352
2495000 669.5789956437088
2496000 669.35108146838
2497000 669.1186776766372
2498000 668.881652158109
2499000 668.6398676262955
2500000 668.3931813650452
2501000 668.1414449601085
2502000 667.8845040147611
2503000 667.6221978483743
2504000 667.3543591767485
2505000 667.0808137729142
2506000 666.8013801070206
2507000 666.5158689637874
2508000 666.2240830359002
2509000 665.9258164915705
2510000 665.6208545143694
2511000 665.3089728132244
2512000 664.9899371003428
2513000 664.6635025346129
2514000 664.3294131278046
2515000 663.9874011106717
2516000 663.6371862558129
2517000 663.2784751538165
2518000 662.9109604389618
2519000 662.5343199603532
2520000 662.1482158940117
2521000 661.7522937910205
2522000 661.3461815563475
2523000 660.9294883524568
2524000 660.5018034212655
2525000 660.0626948173417
2526000 659.6117080445582
2527000 659.1483645876351
2528000 658.6721603291244
2529000 658.1825638414299
2530000 657.6790145423797
2531000 657.1609207016675
2532000 656.6276572841336
2533000 656.0785636143387
2534000 655.5129408452387
2535000 654.9300492118289
2536000 654.3291050485687
2537000 653.7092775469598
2538000 653.0696852270155
2539000 652.4093920933256
2540000 651.7274034430166
2541000 651.0226612890813
2542000 650.2940393581927
2543000 649.5403376172094
2544000 648.7602762770264
2545000 647.9524892160663
2546000 647.1155167585787
2547000 646.247797734719
2548000 645.3476607400936
2549000 644.4133145018807
2550000 643.4428372465453
2551000 642.4341649503798
2552000 641.3850783383294
2553000 640.2931884785642
2554000 639.1559207995566
2555000 637.9704973329077
2556000 636.7339169579993
2557000 635.4429333936434
2558000 634.0940306463814
2559000 632.6833955844903
2560000 631.2068872603605
2561000 629.660002550922
2562000 628.0378376255434
2563000 626.3350446824085
2564000 624.5457833171441
2565000 622.6636658008422
2566000 620.6816954482164
2567000 618.5921971507642
2568000 616.3867390354422
2569000 614.0560440889014
2570000 611.5898904652408
2571000 608.9769990791917
2572000 606.2049069890218
2573000 603.2598250140563
2574000 600.1264780407288
2575000 596.7879265947822
2576000 593.2253685646423
2577000 589.4179205549751
2578000 585.3423793810125
2579000 580.9729659039974
2580000 576.2810560744244
2581000 571.2349081470236
2582000 565.7994011992067
2583000 559.9358092038073
2584000 553.6016481578712
2585000 546.7506526641039
2586000 539.3329647027214
2587000 531.2956529851389
2588000 522.5837275691925
2589000 513.1418707821983
2590000 502.9171669223334
2591000 491.8631657183248
2592000 479.94562838844894
2593000 467.15022659696626
2594000 453.4922106733738
2595000 439.0275315921536
2596000 423.8640156073355
2597000 408.1700091982268
2598000 392.1767876661778
2599000 376.1707079827915
2600000 360.47255242434534
2601000 345.40522501821295
2602000 331.2559376162155
2603000 318.2426248699794
2604000 306.4938492227716
2605000 296.04656180708355
2606000 286.859539622535
2607000 278.83581472915597
2608000 271.84669088474936
2609000 265.7521029400218
2610000 260.4150699909406
2611000 255.7103080065726
2612000 251.5282407222114
2613000 247.77591530154356
2614000 244.37611568845495
2615000 241.26560128938766
2616000 238.3930568766282
2617000 235.71708281690135
2618000 233.2043852603373
2619000 230.82822459907126
2620000 228.56712545227447
2621000 226.4038250166164
2622000 224.3244266117946
2623000 222.31772392230187
2624000 220.3746642251317
2625000 218.4879232645392
2626000 216.65156907741277
2627000 214.86079636981535
2628000 213.11171676155774
2629000 211.4011933074719
2630000 209.72671021843968
2631000 208.08627072371274
2632000 206.47831762801587
2633000 204.90167240578603
2634000 203.35548971459852
2635000 201.83922506450892
2636000 200.3526141048214
2637000 198.89566263419584
2638000 197.46864705185527
2639000 196.07212559570945
2640000 194.7069614148863
2641000 193.37435937114913
2642000 192.07591955483554
2643000 190.8137119786874
2644000 189.5903789927902
2645000 188.40927498072767
2646000 187.2746573873513
2647000 186.1919499707622
2648000 185.16810984411075
2649000 184.2121469286571
2650000 183.33587241513254
2651000 182.5550000479531
2652000 181.8908063215988
2653000 181.3727042845794
2654000 181.04236528096052
2655000 180.96057456809737
2656000 181.21915637141024
2657000 181.9628608188914
2658000 183.43225396465826
2659000 186.0549241660448
2660000 190.66088255884503
2661000 199.06739311075387
2662000 216.00627313212001
2663000 257.53902714519853
2664000 405.15405709904866
2665000 1180.2641537847846
2666000 3700.0001067231647
2667000 6739.475121968328
2668000 8991.762052409058
2669000 10465.703846887056
2670000 11211.018721333716
2671000 11475.516826660023
2672000 11552.612051476724
2673000 11572.867210439237
2674000 11577.192109395331
2675000 11577.149514278433
2676000 11575.916624929094
2677000 11574.36004770915
2678000 11572.715758213013
2679000 11571.04800357455
2680000 11569.37428081398
2681000 11567.699356909703
2682000 11566.024531093324
2683000 11564.350157550829
2684000 11562.6763328063
2685000 11561.003083102176
2686000 11559.330415501949
2687000 11557.658331833252
2688000 11555.98683249359
2689000 11554.315917489945
2690000 11552.645586722587
2691000 11550.975840062734
2692000 11549.306677373781
2693000 11547.638098517145
2694000 11545.97010335378
2695000 11544.302691744651
2696000 11542.635863550857
2697000 11540.969618633642
2698000 11539.303956854405
2699000 11537.638878074757
2700000 11535.974382156435
2701000 11534.310468961383
2702000 11532.647138351702
2703000 11530.984390189651
2704000 11529.322224337666
2705000 11527.66064065834
2706000 11525.999639014508
2707000 11524.339219269017
2708000 11522.679381285017
2709000 11521.020124925786
2710000 11519.361450054781
2711000 11517.703356535627
2712000 11516.0458442321
2713000 11514.388913008132
2714000 11512.732562727857
2715000 11511.076793255555
2716000 11509.421604455683
2717000 11507.766996192875
2718000 11506.112968331905
2719000 11504.459520737704
2720000 11502.806653275395
2721000 11501.154365810276
2722000 11499.502658207834
2723000 11497.851530333644
2724000 11496.200982053484
2725000 11494.551013233298
2726000 11492.901623739213
2727000 11491.252813437522
2728000 11489.604582194665
2729000 11487.9569298772
2730000 11486.309856351936
2731000 11484.663361485791
2732000 11483.0174451459
2733000 11481.372107199632
2734000 11479.727347514052
2735000 11478.083165957076
2736000 11476.439562396392
2737000 11474.796536699905
2738000 11473.154088735677
2739000 11471.512218371954
2740000 11469.870925477167
2741000 11468.23020991983
2742000 11466.590071568726
2743000 11464.950510292741
2744000 11463.311525960933
2745000 11461.673118442499
2746000 11460.035287606837
2747000 11458.39803332347
2748000 11456.761355462108
2749000 11455.12525389258
2750000 11453.489728484965
2751000 11451.854779109428
2752000 11450.22040563635
2753000 11448.586607936179
2754000 11446.953385879602
2755000 11445.32073933743
2756000 11443.688668180688
2757000 11442.057172280476
2758000 11440.4262515081
2759000 11438.79590573505
2760000 11437.16613483293
2761000 11435.53693867355
2762000 11433.908317128835
2763000 11432.28027007085
2764000 11430.65279737191
2765000 11429.025898904421
2766000 11427.399574540956
2767000 11425.773824154232
2768000 11424.148647617163
2769000 11422.524044802773
2770000 11420.900015584259
2771000 11419.276559835027
2772000 11417.653677428601
2773000 11416.031368238635
2774000 11414.409632138962
2775000 11412.788469003603
2776000 11411.167878706667
2777000 11409.547861122477
2778000 11407.928416125504
2779000 11406.309543590343
2780000 11404.691243391788
2781000 11403.073515404756
2782000 11401.456359504356
2783000 11399.839775565806
2784000 11398.223763464504
2785000 11396.608323076012
2786000 11394.99345427604
2787000 11393.379156940437
2788000 11391.765430945237
2789000 11390.1522761666
2790000 11388.539692480837
2791000 11386.927679764414
2792000 11385.316237893994
2793000 11383.705366746366
2794000 11382.095066198466
2795000 11380.48533612739
2796000 11378.87617641039
2797000 11377.267586924858
2798000 11375.659567548313
2799000 11374.052118158512
2800000 11372.445238633318
2801000 11370.838928850733
2802000 11369.23318868891
2803000 11367.62801802618
2804000 11366.023416741007
2805000 11364.419384712022
2806000 11362.815921817975
2807000 11361.213027937802
2808000 11359.610702950611
2809000 11358.008946735581
2810000 11356.407759172133
2811000 11354.807140139768
2812000 11353.207089518215
2813000 11351.607607187312
2814000 11350.008693026977
2815000 11348.410346917368
2816000 11346.812568738766
2817000 11345.215358371637
2818000 11343.618715696539
2819000 11342.022640594232
2820000 11340.427132945564
2821000 11338.832192631602
2822000 11337.237819533522
2823000 11335.644013532677
2824000 11334.050774510544
2825000 11332.458102348724
2826000 11330.865996929018
2827000 11329.274458133335
2828000 11327.683485843809
2829000 11326.093079942646
2830000 11324.503240312217
2831000 11322.913966835044
2832000 11321.325259393814
2833000 11319.737117871318
2834000 11318.149542150597
2835000 11316.562532114678
2836000 11314.976087646844
2837000 11313.390208630512
2838000 11311.804894949253
2839000 11310.220146486774
2840000 11308.635963126924
2841000 11307.052344753727
2842000 11305.469291251298
2843000 11303.88680250394
2844000 11302.304878396093
2845000 11300.723518812345
2846000 11299.142723637438
2847000 11297.562492756213
2848000 11295.982826053803
2849000 11294.403723415238
2850000 11292.825184725842
2851000 11291.24720987122
2852000 11289.66979873683
2853000 11288.092951208493
2854000 11286.516667172084
2855000 11284.940946513621
2856000 11283.365789119352
2857000 11281.791194875577
2858000 11280.217163668794
2859000 11278.64369538561
2860000 11277.070789912788
2861000 11275.49844713724
2862000 11273.926666945992
2863000 11272.35544922627
2864000 11270.784793865423
2865000 11269.214700750943
2866000 11267.645169770441
2867000 11266.076200811674
2868000 11264.507793762583
2869000 11262.939948511206
2870000 11261.372664945762
2871000 11259.805942954607
2872000 11258.239782426204
2873000 11256.674183249192
2874000 11255.109145312359
2875000 11253.544668504604
2876000 11251.980752714955
2877000 11250.417397832653
2878000 11248.854603747053
